# Archivo de mantenimientos embalses (plpmanem.dat)
# Numero de embalses con mantenimientos
 6 
# Nombre del embalse
'CIPRESES'
#   Numero de Etapas con mantenimiento
    72
#   Mes   Etapa     VolMin     VolMax
     07     001  0.0471636  1.7458287
     07     002  0.0471636  1.7458287
     07     003  0.0471636  1.7458287
     07     004  0.0471636  1.7458287
     08     005  0.0471636  1.7458287
     08     006  0.0471636  1.7458287
     08     007  0.0471636  1.7458287
     08     008  0.0471636  1.7458287
     09     009  0.0471636  1.7458287
     09     010  0.0471636  1.7458287
     09     011  0.0471636  1.7458287
     09     012  0.0471636  1.7458287
     10     013  0.0471636  1.7458287
     10     014  0.0471636  1.7458287
     10     015  0.0471636  1.7458287
     10     016  0.0471636  1.7458287
     11     017  0.0471636  1.7458287
     11     018  0.0471636  1.7458287
     11     019  0.0471636  1.7458287
     11     020  0.0471636  1.7458287
     12     021  0.0471636  1.7458287
     12     022  0.0471636  1.7458287
     12     023  0.0471636  1.7458287
     12     024  0.0471636  1.7458287
     01     025  0.0471636  1.7458287
     02     026  0.0471636  1.7458287
     03     027  0.0471636  1.7458287
     04     028  0.0471636  1.7458287
     05     029  0.0471636  1.7458287
     06     030  0.0471636  1.7458287
     07     031  0.0471636  1.7458287
     08     032  0.0471636  1.7458287
     09     033  0.0471636  1.7458287
     10     034  0.0471636  1.7458287
     11     035  0.0471636  1.7458287
     12     036  0.0471636  1.7458287
     01     037  0.0471636  1.7458287
     02     038  0.0471636  1.7458287
     03     039  0.0471636  1.7458287
     04     040  0.0471636  1.7458287
     05     041  0.0471636  1.7458287
     06     042  0.0471636  1.7458287
     07     043  0.0471636  1.7458287
     08     044  0.0471636  1.7458287
     09     045  0.0471636  1.7458287
     10     046  0.0471636  1.7458287
     11     047  0.0471636  1.7458287
     12     048  0.0471636  1.7458287
     01     049  0.0471636  1.7458287
     02     050  0.0471636  1.7458287
     03     051  0.0471636  1.7458287
     04     052  0.0471636  1.7458287
     05     053  0.0471636  1.7458287
     06     054  0.0471636  1.7458287
     07     055  0.0471636  1.7458287
     08     056  0.0471636  1.7458287
     09     057  0.0471636  1.7458287
     10     058  0.0471636  1.7458287
     11     059  0.0471636  1.7458287
     12     060  0.0471636  1.7458287
     01     061  0.0471636  1.7458287
     02     062  0.0471636  1.7458287
     03     063  0.0471636  1.7458287
     04     064  0.0471636  1.7458287
     05     065  0.0471636  1.7458287
     06     066  0.0471636  1.7458287
     07     067  0.0471636  1.7458287
     08     068  0.0471636  1.7458287
     09     069  0.0471636  1.7458287
     10     070  0.0471636  1.7458287
     11     071  0.0471636  1.7458287
     12     072  0.0471636  1.7458287
# Nombre del embalse
'COLBUN'
#   Numero de Etapas con mantenimiento
    72
#   Mes   Etapa     VolMin     VolMax
     07     001  0.3816243  1.5532459
     07     002  0.3816243  1.5532459
     07     003  0.3816243  1.5532459
     07     004  0.3816243  1.5532459
     08     005  0.3816243  1.5532459
     08     006  0.3816243  1.5532459
     08     007  0.3816243  1.5532459
     08     008  0.3816243  1.5532459
     09     009  0.3816243  1.5532459
     09     010  0.3816243  1.5532459
     09     011  0.3816243  1.5532459
     09     012  0.3816243  1.5532459
     10     013  0.3816243  1.5532459
     10     014  0.3816243  1.5532459
     10     015  0.3816243  1.5532459
     10     016  0.3816243  1.5532459
     11     017  0.3816243  1.5532459
     11     018  0.3816243  1.5532459
     11     019  0.3816243  1.5532459
     11     020  0.3816243  1.5532459
     12     021  0.3816243  1.5532459
     12     022  0.3816243  1.5532459
     12     023  0.3816243  1.5532459
     12     024  0.3816243  1.5532459
     01     025  0.3816243  1.5043824
     02     026  0.3816243  1.5043824
     03     027  0.3816243  1.5043824
     04     028  0.3816243  1.5043824
     05     029  0.3816243  1.5043824
     06     030  0.3816243  1.5043824
     07     031  0.3816243  1.5532459
     08     032  0.3816243  1.5532459
     09     033  0.3816243  1.5532459
     10     034  0.3816243  1.5532459
     11     035  0.3816243  1.5532459
     12     036  0.3816243  1.5532459
     01     037  0.3816243  1.5043824
     02     038  0.3816243  1.5043824
     03     039  0.3816243  1.5043824
     04     040  0.3816243  1.5043824
     05     041  0.3816243  1.5043824
     06     042  0.3816243  1.5043824
     07     043  0.3816243  1.5532459
     08     044  0.3816243  1.5532459
     09     045  0.3816243  1.5532459
     10     046  0.3816243  1.5532459
     11     047  0.3816243  1.5532459
     12     048  0.3816243  1.5532459
     01     049  0.3816243  1.5043824
     02     050  0.3816243  1.5043824
     03     051  0.3816243  1.5043824
     04     052  0.3816243  1.5043824
     05     053  0.3816243  1.5043824
     06     054  0.3816243  1.5043824
     07     055  0.3816243  1.5532459
     08     056  0.3816243  1.5532459
     09     057  0.3816243  1.5532459
     10     058  0.3816243  1.5532459
     11     059  0.3816243  1.5532459
     12     060  0.3816243  1.5532459
     01     061  0.3816243  1.5043824
     02     062  0.3816243  1.5043824
     03     063  0.3816243  1.5043824
     04     064  0.3816243  1.5043824
     05     065  0.3816243  1.5043824
     06     066  0.3816243  1.5043824
     07     067  0.3816243  1.5532459
     08     068  0.3816243  1.5532459
     09     069  0.3816243  1.5532459
     10     070  0.3816243  1.5532459
     11     071  0.3816243  1.5532459
     12     072  0.3816243  1.5532459
# Nombre del embalse
'RAPEL'
#   Numero de Etapas con mantenimiento
    72
#   Mes   Etapa     VolMin     VolMax
     07     001  0.2723049  0.5632124
     07     002  0.2723049  0.5632124
     07     003  0.2723049  0.5632124
     07     004  0.2723049  0.5632124
     08     005  0.2723049  0.5632124
     08     006  0.2723049  0.5632124
     08     007  0.2723049  0.5632124
     08     008  0.2723049  0.5632124
     09     009  0.2723049  0.5632124
     09     010  0.2723049  0.5632124
     09     011  0.2723049  0.5632124
     09     012  0.2723049  0.5632124
     10     013  0.2723049  0.5632124
     10     014  0.2723049  0.5632124
     10     015  0.2723049  0.5632124
     10     016  0.2723049  0.5632124
     11     017  0.2723049  0.5632124
     11     018  0.2723049  0.5632124
     11     019  0.2723049  0.5632124
     11     020  0.2723049  0.5632124
     12     021  0.2723049  0.5632124
     12     022  0.2723049  0.5632124
     12     023  0.2723049  0.5632124
     12     024  0.2723049  0.5632124
     01     025  0.2723049  0.5632124
     02     026  0.2723049  0.5632124
     03     027  0.2723049  0.5632124
     04     028  0.2723049  0.5632124
     05     029  0.2723049  0.5632124
     06     030  0.2723049  0.5632124
     07     031  0.2723049  0.5632124
     08     032  0.2723049  0.5632124
     09     033  0.2723049  0.5632124
     10     034  0.2723049  0.5632124
     11     035  0.2723049  0.5632124
     12     036  0.2723049  0.5632124
     01     037  0.2723049  0.5632124
     02     038  0.2723049  0.5632124
     03     039  0.2723049  0.5632124
     04     040  0.2723049  0.5632124
     05     041  0.2723049  0.5632124
     06     042  0.2723049  0.5632124
     07     043  0.2723049  0.5632124
     08     044  0.2723049  0.5632124
     09     045  0.2723049  0.5632124
     10     046  0.2723049  0.5632124
     11     047  0.2723049  0.5632124
     12     048  0.2723049  0.5632124
     01     049  0.2723049  0.5632124
     02     050  0.2723049  0.5632124
     03     051  0.2723049  0.5632124
     04     052  0.2723049  0.5632124
     05     053  0.2723049  0.5632124
     06     054  0.2723049  0.5632124
     07     055  0.2723049  0.5632124
     08     056  0.2723049  0.5632124
     09     057  0.2723049  0.5632124
     10     058  0.2723049  0.5632124
     11     059  0.2723049  0.5632124
     12     060  0.2723049  0.5632124
     01     061  0.2723049  0.5632124
     02     062  0.2723049  0.5632124
     03     063  0.2723049  0.5632124
     04     064  0.2723049  0.5632124
     05     065  0.2723049  0.5632124
     06     066  0.2723049  0.5632124
     07     067  0.2723049  0.5632124
     08     068  0.2723049  0.5632124
     09     069  0.2723049  0.5632124
     10     070  0.2723049  0.5632124
     11     071  0.2723049  0.5632124
     12     072  0.2723049  0.5632124
# Nombre del embalse
'CANUTILLAR'
#   Numero de Etapas con mantenimiento
    72
#   Mes   Etapa     VolMin     VolMax
     07     001  0.4497390  0.9132110
     07     002  0.4497390  0.9132110
     07     003  0.4960862  0.9132110
     07     004  0.4960862  0.9132110
     08     005  0.4960862  1.0653785
     08     006  0.4960862  1.0653785
     08     007  0.4960862  1.0653785
     08     008  0.4960862  1.0653785
     09     009  0.4960862  1.0653785
     09     010  0.4960862  1.0653785
     09     011  0.4960862  1.0653785
     09     012  0.6351278  1.0653785
     10     013  0.4960862  1.0653785
     10     014  0.4960862  1.0653785
     10     015  0.4960862  1.0653785
     10     016  0.4960862  1.0653785
     11     017  0.4960862  1.0653785
     11     018  0.4960862  1.0653785
     11     019  0.4960862  1.0653785
     11     020  0.4960862  1.0653785
     12     021  0.4960862  1.0653785
     12     022  0.4960862  1.0653785
     12     023  0.4960862  1.0653785
     12     024  0.4960862  1.0653785
     01     025  0.4960862  1.0653785
     02     026  0.4960862  0.9132110
     03     027  0.4960862  0.9132110
     04     028  0.4960862  0.9132110
     05     029  0.4960862  0.9132110
     06     030  0.4960862  0.9132110
     07     031  0.4960862  0.9132110
     08     032  0.4960862  1.0653785
     09     033  0.6351278  1.0653785
     10     034  0.4960862  1.0653785
     11     035  0.4960862  1.0653785
     12     036  0.4960862  1.0653785
     01     037  0.4960862  1.0653785
     02     038  0.4960862  0.9132110
     03     039  0.4960862  0.9132110
     04     040  0.4960862  0.9132110
     05     041  0.4960862  0.9132110
     06     042  0.4960862  0.9132110
     07     043  0.4960862  0.9132110
     08     044  0.4960862  1.0653785
     09     045  0.6351278  1.0653785
     10     046  0.4960862  1.0653785
     11     047  0.4960862  1.0653785
     12     048  0.4960862  1.0653785
     01     049  0.4497390  1.0653785
     02     050  0.4960862  0.9132110
     03     051  0.4960862  0.9132110
     04     052  0.4960862  0.9132110
     05     053  0.4960862  0.9132110
     06     054  0.4960862  0.9132110
     07     055  0.4960862  0.9132110
     08     056  0.4497390  1.0653785
     09     057  0.6351278  1.0653785
     10     058  0.4497390  1.0653785
     11     059  0.4497390  1.0653785
     12     060  0.4497390  1.0653785
     01     061  0.4497390  1.0653785
     02     062  0.4960862  0.9132110
     03     063  0.4960862  0.9132110
     04     064  0.4960862  0.9132110
     05     065  0.4960862  0.9132110
     06     066  0.4960862  0.9132110
     07     067  0.4960862  0.9132110
     08     068  0.4497390  1.0653785
     09     069  0.6351278  1.0653785
     10     070  0.4497390  1.0653785
     11     071  0.4497390  1.0653785
     12     072  0.4497390  1.0653785
# Nombre del embalse
'RALCO'
#   Numero de Etapas con mantenimiento
    72
#   Mes   Etapa     VolMin     VolMax
     07     001  0.4883288  1.1732862
     07     002  0.4586397  1.1732862
     07     003  0.4302661  1.1732862
     07     004  0.4094096  1.1732862
     08     005  0.4094096  1.1732862
     08     006  0.4094096  1.1732862
     08     007  0.4094096  1.1732862
     08     008  0.4094096  1.1732862
     09     009  0.4094096  1.1732862
     09     010  0.4094096  1.1732862
     09     011  0.4094096  1.1732862
     09     012  0.4094096  1.1732862
     10     013  0.4094096  1.1732862
     10     014  0.4094096  1.1732862
     10     015  0.4094096  1.1732862
     10     016  0.4094096  1.1732862
     11     017  0.4094096  1.1732862
     11     018  0.4094096  1.1732862
     11     019  0.4094096  1.1732862
     11     020  0.4094096  1.1732862
     12     021  0.4094096  1.1732862
     12     022  0.4094096  1.1732862
     12     023  0.4094096  1.1732862
     12     024  0.4094096  1.1732862
     01     025  0.4094096  1.1732862
     02     026  0.4094096  1.1732862
     03     027  0.4094096  1.1732862
     04     028  0.4094096  1.1732862
     05     029  0.4094096  1.1732862
     06     030  0.4094096  1.1732862
     07     031  0.4094096  1.1732862
     08     032  0.4094096  1.1732862
     09     033  0.4094096  1.1732862
     10     034  0.4094096  1.1732862
     11     035  0.4094096  1.1732862
     12     036  0.4094096  1.1732862
     01     037  0.4094096  1.1732862
     02     038  0.4094096  1.1732862
     03     039  0.4094096  1.1732862
     04     040  0.4094096  1.1732862
     05     041  0.4094096  1.1732862
     06     042  0.4094096  1.1732862
     07     043  0.4094096  1.1732862
     08     044  0.4094096  1.1732862
     09     045  0.4094096  1.1732862
     10     046  0.4094096  1.1732862
     11     047  0.4094096  1.1732862
     12     048  0.4094096  1.1732862
     01     049  0.4094096  1.1732862
     02     050  0.4094096  1.1732862
     03     051  0.4094096  1.1732862
     04     052  0.4094096  1.1732862
     05     053  0.4094096  1.1732862
     06     054  0.4094096  1.1732862
     07     055  0.4094096  1.1732862
     08     056  0.4094096  1.1732862
     09     057  0.4094096  1.1732862
     10     058  0.4094096  1.1732862
     11     059  0.4094096  1.1732862
     12     060  0.4094096  1.1732862
     01     061  0.4094096  1.1732862
     02     062  0.4094096  1.1732862
     03     063  0.4094096  1.1732862
     04     064  0.4094096  1.1732862
     05     065  0.4094096  1.1732862
     06     066  0.4094096  1.1732862
     07     067  0.4094096  1.1732862
     08     068  0.4094096  1.1732862
     09     069  0.4094096  1.1732862
     10     070  0.4094096  1.1732862
     11     071  0.4094096  1.1732862
     12     072  0.4094096  1.1732862
# Nombre del embalse
'PANGUE'
#   Numero de Etapas con mantenimiento
    72
#   Mes   Etapa     VolMin     VolMax
     07     001  0.6230240  0.7196000
     07     002  0.6230240  0.7196000
     07     003  0.5758340  0.7196000
     07     004  0.5758340  0.7196000
     08     005  0.5758340  0.7196000
     08     006  0.5758340  0.7196000
     08     007  0.5758340  0.7196000
     08     008  0.5758340  0.7196000
     09     009  0.5758340  0.7196000
     09     010  0.5758340  0.7196000
     09     011  0.5758340  0.7196000
     09     012  0.5758340  0.7196000
     10     013  0.5758340  0.7196000
     10     014  0.5758340  0.7196000
     10     015  0.5758340  0.7196000
     10     016  0.5758340  0.7196000
     11     017  0.5758340  0.7196000
     11     018  0.5758340  0.7196000
     11     019  0.5758340  0.7196000
     11     020  0.5758340  0.7196000
     12     021  0.5758340  0.7196000
     12     022  0.5758340  0.7196000
     12     023  0.5758340  0.7196000
     12     024  0.5758340  0.7196000
     01     025  0.5758340  0.7196000
     02     026  0.5758340  0.7196000
     03     027  0.5758340  0.7196000
     04     028  0.5758340  0.7196000
     05     029  0.5758340  0.7196000
     06     030  0.5758340  0.7196000
     07     031  0.5758340  0.7196000
     08     032  0.5758340  0.7196000
     09     033  0.5758340  0.7196000
     10     034  0.5758340  0.7196000
     11     035  0.5758340  0.7196000
     12     036  0.5758340  0.7196000
     01     037  0.5758340  0.7196000
     02     038  0.5758340  0.7196000
     03     039  0.5758340  0.7196000
     04     040  0.5758340  0.7196000
     05     041  0.5758340  0.7196000
     06     042  0.5758340  0.7196000
     07     043  0.5758340  0.7196000
     08     044  0.5758340  0.7196000
     09     045  0.5758340  0.7196000
     10     046  0.5758340  0.7196000
     11     047  0.5758340  0.7196000
     12     048  0.5758340  0.7196000
     01     049  0.5758340  0.7196000
     02     050  0.5758340  0.7196000
     03     051  0.5758340  0.7196000
     04     052  0.5758340  0.7196000
     05     053  0.5758340  0.7196000
     06     054  0.5758340  0.7196000
     07     055  0.5758340  0.7196000
     08     056  0.5758340  0.7196000
     09     057  0.5758340  0.7196000
     10     058  0.5758340  0.7196000
     11     059  0.5758340  0.7196000
     12     060  0.5758340  0.7196000
     01     061  0.5758340  0.7196000
     02     062  0.5758340  0.7196000
     03     063  0.5758340  0.7196000
     04     064  0.5758340  0.7196000
     05     065  0.5758340  0.7196000
     06     066  0.5758340  0.7196000
     07     067  0.5758340  0.7196000
     08     068  0.5758340  0.7196000
     09     069  0.5758340  0.7196000
     10     070  0.5758340  0.7196000
     11     071  0.5758340  0.7196000
     12     072  0.5758340  0.7196000
