# Archivo de caudales por etapa
# Numero de simulaciones y etapas con caudales
      28     276
# Mes   Etapa  SimulInd(1,...,NSimul)
   001   001   01   02   03   04   05   06   07   08   09   10   11   12   13   14   15   16   17   18   19   20   21   22   23   24   25   26   27   28
   002   002   01   02   03   04   05   06   07   08   09   10   11   12   13   14   15   16   17   18   19   20   21   22   23   24   25   26   27   28
   003   003   01   02   03   04   05   06   07   08   09   10   11   12   13   14   15   16   17   18   19   20   21   22   23   24   25   26   27   28
   004   004   01   02   03   04   05   06   07   08   09   10   11   12   13   14   15   16   17   18   19   20   21   22   23   24   25   26   27   28
   005   005   01   02   03   04   05   06   07   08   09   10   11   12   13   14   15   16   17   18   19   20   21   22   23   24   25   26   27   28
   006   006   01   02   03   04   05   06   07   08   09   10   11   12   13   14   15   16   17   18   19   20   21   22   23   24   25   26   27   28
   007   007   01   02   03   04   05   06   07   08   09   10   11   12   13   14   15   16   17   18   19   20   21   22   23   24   25   26   27   28
   008   008   01   02   03   04   05   06   07   08   09   10   11   12   13   14   15   16   17   18   19   20   21   22   23   24   25   26   27   28
   009   009   01   02   03   04   05   06   07   08   09   10   11   12   13   14   15   16   17   18   19   20   21   22   23   24   25   26   27   28
   010   010   01   02   03   04   05   06   07   08   09   10   11   12   13   14   15   16   17   18   19   20   21   22   23   24   25   26   27   28
   011   011   01   02   03   04   05   06   07   08   09   10   11   12   13   14   15   16   17   18   19   20   21   22   23   24   25   26   27   28
   012   012   01   02   03   04   05   06   07   08   09   10   11   12   13   14   15   16   17   18   19   20   21   22   23   24   25   26   27   28
   001   013   02   03   04   05   06   07   08   09   10   11   12   13   14   15   16   17   18   19   20   21   22   23   24   25   26   27   28   01
   002   014   02   03   04   05   06   07   08   09   10   11   12   13   14   15   16   17   18   19   20   21   22   23   24   25   26   27   28   01
   003   015   02   03   04   05   06   07   08   09   10   11   12   13   14   15   16   17   18   19   20   21   22   23   24   25   26   27   28   01
   004   016   02   03   04   05   06   07   08   09   10   11   12   13   14   15   16   17   18   19   20   21   22   23   24   25   26   27   28   01
   005   017   02   03   04   05   06   07   08   09   10   11   12   13   14   15   16   17   18   19   20   21   22   23   24   25   26   27   28   01
   006   018   02   03   04   05   06   07   08   09   10   11   12   13   14   15   16   17   18   19   20   21   22   23   24   25   26   27   28   01
   007   019   02   03   04   05   06   07   08   09   10   11   12   13   14   15   16   17   18   19   20   21   22   23   24   25   26   27   28   01
   008   020   02   03   04   05   06   07   08   09   10   11   12   13   14   15   16   17   18   19   20   21   22   23   24   25   26   27   28   01
   009   021   02   03   04   05   06   07   08   09   10   11   12   13   14   15   16   17   18   19   20   21   22   23   24   25   26   27   28   01
   010   022   02   03   04   05   06   07   08   09   10   11   12   13   14   15   16   17   18   19   20   21   22   23   24   25   26   27   28   01
   011   023   02   03   04   05   06   07   08   09   10   11   12   13   14   15   16   17   18   19   20   21   22   23   24   25   26   27   28   01
   012   024   02   03   04   05   06   07   08   09   10   11   12   13   14   15   16   17   18   19   20   21   22   23   24   25   26   27   28   01
   001   025   03   04   05   06   07   08   09   10   11   12   13   14   15   16   17   18   19   20   21   22   23   24   25   26   27   28   01   02
   002   026   03   04   05   06   07   08   09   10   11   12   13   14   15   16   17   18   19   20   21   22   23   24   25   26   27   28   01   02
   003   027   03   04   05   06   07   08   09   10   11   12   13   14   15   16   17   18   19   20   21   22   23   24   25   26   27   28   01   02
   004   028   03   04   05   06   07   08   09   10   11   12   13   14   15   16   17   18   19   20   21   22   23   24   25   26   27   28   01   02
   005   029   03   04   05   06   07   08   09   10   11   12   13   14   15   16   17   18   19   20   21   22   23   24   25   26   27   28   01   02
   006   030   03   04   05   06   07   08   09   10   11   12   13   14   15   16   17   18   19   20   21   22   23   24   25   26   27   28   01   02
   007   031   03   04   05   06   07   08   09   10   11   12   13   14   15   16   17   18   19   20   21   22   23   24   25   26   27   28   01   02
   008   032   03   04   05   06   07   08   09   10   11   12   13   14   15   16   17   18   19   20   21   22   23   24   25   26   27   28   01   02
   009   033   03   04   05   06   07   08   09   10   11   12   13   14   15   16   17   18   19   20   21   22   23   24   25   26   27   28   01   02
   010   034   03   04   05   06   07   08   09   10   11   12   13   14   15   16   17   18   19   20   21   22   23   24   25   26   27   28   01   02
   011   035   03   04   05   06   07   08   09   10   11   12   13   14   15   16   17   18   19   20   21   22   23   24   25   26   27   28   01   02
   012   036   03   04   05   06   07   08   09   10   11   12   13   14   15   16   17   18   19   20   21   22   23   24   25   26   27   28   01   02
   001   037   04   05   06   07   08   09   10   11   12   13   14   15   16   17   18   19   20   21   22   23   24   25   26   27   28   01   02   03
   002   038   04   05   06   07   08   09   10   11   12   13   14   15   16   17   18   19   20   21   22   23   24   25   26   27   28   01   02   03
   003   039   04   05   06   07   08   09   10   11   12   13   14   15   16   17   18   19   20   21   22   23   24   25   26   27   28   01   02   03
   004   040   04   05   06   07   08   09   10   11   12   13   14   15   16   17   18   19   20   21   22   23   24   25   26   27   28   01   02   03
   005   041   04   05   06   07   08   09   10   11   12   13   14   15   16   17   18   19   20   21   22   23   24   25   26   27   28   01   02   03
   006   042   04   05   06   07   08   09   10   11   12   13   14   15   16   17   18   19   20   21   22   23   24   25   26   27   28   01   02   03
   007   043   04   05   06   07   08   09   10   11   12   13   14   15   16   17   18   19   20   21   22   23   24   25   26   27   28   01   02   03
   008   044   04   05   06   07   08   09   10   11   12   13   14   15   16   17   18   19   20   21   22   23   24   25   26   27   28   01   02   03
   009   045   04   05   06   07   08   09   10   11   12   13   14   15   16   17   18   19   20   21   22   23   24   25   26   27   28   01   02   03
   010   046   04   05   06   07   08   09   10   11   12   13   14   15   16   17   18   19   20   21   22   23   24   25   26   27   28   01   02   03
   011   047   04   05   06   07   08   09   10   11   12   13   14   15   16   17   18   19   20   21   22   23   24   25   26   27   28   01   02   03
   012   048   04   05   06   07   08   09   10   11   12   13   14   15   16   17   18   19   20   21   22   23   24   25   26   27   28   01   02   03
   001   049   05   06   07   08   09   10   11   12   13   14   15   16   17   18   19   20   21   22   23   24   25   26   27   28   01   02   03   04
   002   050   05   06   07   08   09   10   11   12   13   14   15   16   17   18   19   20   21   22   23   24   25   26   27   28   01   02   03   04
   003   051   05   06   07   08   09   10   11   12   13   14   15   16   17   18   19   20   21   22   23   24   25   26   27   28   01   02   03   04
   004   052   05   06   07   08   09   10   11   12   13   14   15   16   17   18   19   20   21   22   23   24   25   26   27   28   01   02   03   04
   005   053   05   06   07   08   09   10   11   12   13   14   15   16   17   18   19   20   21   22   23   24   25   26   27   28   01   02   03   04
   006   054   05   06   07   08   09   10   11   12   13   14   15   16   17   18   19   20   21   22   23   24   25   26   27   28   01   02   03   04
   007   055   05   06   07   08   09   10   11   12   13   14   15   16   17   18   19   20   21   22   23   24   25   26   27   28   01   02   03   04
   008   056   05   06   07   08   09   10   11   12   13   14   15   16   17   18   19   20   21   22   23   24   25   26   27   28   01   02   03   04
   009   057   05   06   07   08   09   10   11   12   13   14   15   16   17   18   19   20   21   22   23   24   25   26   27   28   01   02   03   04
   010   058   05   06   07   08   09   10   11   12   13   14   15   16   17   18   19   20   21   22   23   24   25   26   27   28   01   02   03   04
   011   059   05   06   07   08   09   10   11   12   13   14   15   16   17   18   19   20   21   22   23   24   25   26   27   28   01   02   03   04
   012   060   05   06   07   08   09   10   11   12   13   14   15   16   17   18   19   20   21   22   23   24   25   26   27   28   01   02   03   04
   001   061   06   07   08   09   10   11   12   13   14   15   16   17   18   19   20   21   22   23   24   25   26   27   28   01   02   03   04   05
   002   062   06   07   08   09   10   11   12   13   14   15   16   17   18   19   20   21   22   23   24   25   26   27   28   01   02   03   04   05
   003   063   06   07   08   09   10   11   12   13   14   15   16   17   18   19   20   21   22   23   24   25   26   27   28   01   02   03   04   05
   004   064   06   07   08   09   10   11   12   13   14   15   16   17   18   19   20   21   22   23   24   25   26   27   28   01   02   03   04   05
   005   065   06   07   08   09   10   11   12   13   14   15   16   17   18   19   20   21   22   23   24   25   26   27   28   01   02   03   04   05
   006   066   06   07   08   09   10   11   12   13   14   15   16   17   18   19   20   21   22   23   24   25   26   27   28   01   02   03   04   05
   007   067   06   07   08   09   10   11   12   13   14   15   16   17   18   19   20   21   22   23   24   25   26   27   28   01   02   03   04   05
   008   068   06   07   08   09   10   11   12   13   14   15   16   17   18   19   20   21   22   23   24   25   26   27   28   01   02   03   04   05
   009   069   06   07   08   09   10   11   12   13   14   15   16   17   18   19   20   21   22   23   24   25   26   27   28   01   02   03   04   05
   010   070   06   07   08   09   10   11   12   13   14   15   16   17   18   19   20   21   22   23   24   25   26   27   28   01   02   03   04   05
   011   071   06   07   08   09   10   11   12   13   14   15   16   17   18   19   20   21   22   23   24   25   26   27   28   01   02   03   04   05
   012   072   06   07   08   09   10   11   12   13   14   15   16   17   18   19   20   21   22   23   24   25   26   27   28   01   02   03   04   05
   001   073   07   08   09   10   11   12   13   14   15   16   17   18   19   20   21   22   23   24   25   26   27   28   01   02   03   04   05   06
   002   074   07   08   09   10   11   12   13   14   15   16   17   18   19   20   21   22   23   24   25   26   27   28   01   02   03   04   05   06
   003   075   07   08   09   10   11   12   13   14   15   16   17   18   19   20   21   22   23   24   25   26   27   28   01   02   03   04   05   06
   004   076   07   08   09   10   11   12   13   14   15   16   17   18   19   20   21   22   23   24   25   26   27   28   01   02   03   04   05   06
   005   077   07   08   09   10   11   12   13   14   15   16   17   18   19   20   21   22   23   24   25   26   27   28   01   02   03   04   05   06
   006   078   07   08   09   10   11   12   13   14   15   16   17   18   19   20   21   22   23   24   25   26   27   28   01   02   03   04   05   06
   007   079   07   08   09   10   11   12   13   14   15   16   17   18   19   20   21   22   23   24   25   26   27   28   01   02   03   04   05   06
   008   080   07   08   09   10   11   12   13   14   15   16   17   18   19   20   21   22   23   24   25   26   27   28   01   02   03   04   05   06
   009   081   07   08   09   10   11   12   13   14   15   16   17   18   19   20   21   22   23   24   25   26   27   28   01   02   03   04   05   06
   010   082   07   08   09   10   11   12   13   14   15   16   17   18   19   20   21   22   23   24   25   26   27   28   01   02   03   04   05   06
   011   083   07   08   09   10   11   12   13   14   15   16   17   18   19   20   21   22   23   24   25   26   27   28   01   02   03   04   05   06
   012   084   07   08   09   10   11   12   13   14   15   16   17   18   19   20   21   22   23   24   25   26   27   28   01   02   03   04   05   06
   001   085   08   09   10   11   12   13   14   15   16   17   18   19   20   21   22   23   24   25   26   27   28   01   02   03   04   05   06   07
   002   086   08   09   10   11   12   13   14   15   16   17   18   19   20   21   22   23   24   25   26   27   28   01   02   03   04   05   06   07
   003   087   08   09   10   11   12   13   14   15   16   17   18   19   20   21   22   23   24   25   26   27   28   01   02   03   04   05   06   07
   004   088   08   09   10   11   12   13   14   15   16   17   18   19   20   21   22   23   24   25   26   27   28   01   02   03   04   05   06   07
   005   089   08   09   10   11   12   13   14   15   16   17   18   19   20   21   22   23   24   25   26   27   28   01   02   03   04   05   06   07
   006   090   08   09   10   11   12   13   14   15   16   17   18   19   20   21   22   23   24   25   26   27   28   01   02   03   04   05   06   07
   007   091   08   09   10   11   12   13   14   15   16   17   18   19   20   21   22   23   24   25   26   27   28   01   02   03   04   05   06   07
   008   092   08   09   10   11   12   13   14   15   16   17   18   19   20   21   22   23   24   25   26   27   28   01   02   03   04   05   06   07
   009   093   08   09   10   11   12   13   14   15   16   17   18   19   20   21   22   23   24   25   26   27   28   01   02   03   04   05   06   07
   010   094   08   09   10   11   12   13   14   15   16   17   18   19   20   21   22   23   24   25   26   27   28   01   02   03   04   05   06   07
   011   095   08   09   10   11   12   13   14   15   16   17   18   19   20   21   22   23   24   25   26   27   28   01   02   03   04   05   06   07
   012   096   08   09   10   11   12   13   14   15   16   17   18   19   20   21   22   23   24   25   26   27   28   01   02   03   04   05   06   07
   001   097   09   10   11   12   13   14   15   16   17   18   19   20   21   22   23   24   25   26   27   28   01   02   03   04   05   06   07   08
   002   098   09   10   11   12   13   14   15   16   17   18   19   20   21   22   23   24   25   26   27   28   01   02   03   04   05   06   07   08
   003   099   09   10   11   12   13   14   15   16   17   18   19   20   21   22   23   24   25   26   27   28   01   02   03   04   05   06   07   08
   004   100   09   10   11   12   13   14   15   16   17   18   19   20   21   22   23   24   25   26   27   28   01   02   03   04   05   06   07   08
   005   101   09   10   11   12   13   14   15   16   17   18   19   20   21   22   23   24   25   26   27   28   01   02   03   04   05   06   07   08
   006   102   09   10   11   12   13   14   15   16   17   18   19   20   21   22   23   24   25   26   27   28   01   02   03   04   05   06   07   08
   007   103   09   10   11   12   13   14   15   16   17   18   19   20   21   22   23   24   25   26   27   28   01   02   03   04   05   06   07   08
   008   104   09   10   11   12   13   14   15   16   17   18   19   20   21   22   23   24   25   26   27   28   01   02   03   04   05   06   07   08
   009   105   09   10   11   12   13   14   15   16   17   18   19   20   21   22   23   24   25   26   27   28   01   02   03   04   05   06   07   08
   010   106   09   10   11   12   13   14   15   16   17   18   19   20   21   22   23   24   25   26   27   28   01   02   03   04   05   06   07   08
   011   107   09   10   11   12   13   14   15   16   17   18   19   20   21   22   23   24   25   26   27   28   01   02   03   04   05   06   07   08
   012   108   09   10   11   12   13   14   15   16   17   18   19   20   21   22   23   24   25   26   27   28   01   02   03   04   05   06   07   08
   001   109   10   11   12   13   14   15   16   17   18   19   20   21   22   23   24   25   26   27   28   01   02   03   04   05   06   07   08   09
   002   110   10   11   12   13   14   15   16   17   18   19   20   21   22   23   24   25   26   27   28   01   02   03   04   05   06   07   08   09
   003   111   10   11   12   13   14   15   16   17   18   19   20   21   22   23   24   25   26   27   28   01   02   03   04   05   06   07   08   09
   004   112   10   11   12   13   14   15   16   17   18   19   20   21   22   23   24   25   26   27   28   01   02   03   04   05   06   07   08   09
   005   113   10   11   12   13   14   15   16   17   18   19   20   21   22   23   24   25   26   27   28   01   02   03   04   05   06   07   08   09
   006   114   10   11   12   13   14   15   16   17   18   19   20   21   22   23   24   25   26   27   28   01   02   03   04   05   06   07   08   09
   007   115   10   11   12   13   14   15   16   17   18   19   20   21   22   23   24   25   26   27   28   01   02   03   04   05   06   07   08   09
   008   116   10   11   12   13   14   15   16   17   18   19   20   21   22   23   24   25   26   27   28   01   02   03   04   05   06   07   08   09
   009   117   10   11   12   13   14   15   16   17   18   19   20   21   22   23   24   25   26   27   28   01   02   03   04   05   06   07   08   09
   010   118   10   11   12   13   14   15   16   17   18   19   20   21   22   23   24   25   26   27   28   01   02   03   04   05   06   07   08   09
   011   119   10   11   12   13   14   15   16   17   18   19   20   21   22   23   24   25   26   27   28   01   02   03   04   05   06   07   08   09
   012   120   10   11   12   13   14   15   16   17   18   19   20   21   22   23   24   25   26   27   28   01   02   03   04   05   06   07   08   09
   001   121   11   12   13   14   15   16   17   18   19   20   21   22   23   24   25   26   27   28   01   02   03   04   05   06   07   08   09   10
   002   122   11   12   13   14   15   16   17   18   19   20   21   22   23   24   25   26   27   28   01   02   03   04   05   06   07   08   09   10
   003   123   11   12   13   14   15   16   17   18   19   20   21   22   23   24   25   26   27   28   01   02   03   04   05   06   07   08   09   10
   004   124   11   12   13   14   15   16   17   18   19   20   21   22   23   24   25   26   27   28   01   02   03   04   05   06   07   08   09   10
   005   125   11   12   13   14   15   16   17   18   19   20   21   22   23   24   25   26   27   28   01   02   03   04   05   06   07   08   09   10
   006   126   11   12   13   14   15   16   17   18   19   20   21   22   23   24   25   26   27   28   01   02   03   04   05   06   07   08   09   10
   007   127   11   12   13   14   15   16   17   18   19   20   21   22   23   24   25   26   27   28   01   02   03   04   05   06   07   08   09   10
   008   128   11   12   13   14   15   16   17   18   19   20   21   22   23   24   25   26   27   28   01   02   03   04   05   06   07   08   09   10
   009   129   11   12   13   14   15   16   17   18   19   20   21   22   23   24   25   26   27   28   01   02   03   04   05   06   07   08   09   10
   010   130   11   12   13   14   15   16   17   18   19   20   21   22   23   24   25   26   27   28   01   02   03   04   05   06   07   08   09   10
   011   131   11   12   13   14   15   16   17   18   19   20   21   22   23   24   25   26   27   28   01   02   03   04   05   06   07   08   09   10
   012   132   11   12   13   14   15   16   17   18   19   20   21   22   23   24   25   26   27   28   01   02   03   04   05   06   07   08   09   10
   001   133   12   13   14   15   16   17   18   19   20   21   22   23   24   25   26   27   28   01   02   03   04   05   06   07   08   09   10   11
   002   134   12   13   14   15   16   17   18   19   20   21   22   23   24   25   26   27   28   01   02   03   04   05   06   07   08   09   10   11
   003   135   12   13   14   15   16   17   18   19   20   21   22   23   24   25   26   27   28   01   02   03   04   05   06   07   08   09   10   11
   004   136   12   13   14   15   16   17   18   19   20   21   22   23   24   25   26   27   28   01   02   03   04   05   06   07   08   09   10   11
   005   137   12   13   14   15   16   17   18   19   20   21   22   23   24   25   26   27   28   01   02   03   04   05   06   07   08   09   10   11
   006   138   12   13   14   15   16   17   18   19   20   21   22   23   24   25   26   27   28   01   02   03   04   05   06   07   08   09   10   11
   007   139   12   13   14   15   16   17   18   19   20   21   22   23   24   25   26   27   28   01   02   03   04   05   06   07   08   09   10   11
   008   140   12   13   14   15   16   17   18   19   20   21   22   23   24   25   26   27   28   01   02   03   04   05   06   07   08   09   10   11
   009   141   12   13   14   15   16   17   18   19   20   21   22   23   24   25   26   27   28   01   02   03   04   05   06   07   08   09   10   11
   010   142   12   13   14   15   16   17   18   19   20   21   22   23   24   25   26   27   28   01   02   03   04   05   06   07   08   09   10   11
   011   143   12   13   14   15   16   17   18   19   20   21   22   23   24   25   26   27   28   01   02   03   04   05   06   07   08   09   10   11
   012   144   12   13   14   15   16   17   18   19   20   21   22   23   24   25   26   27   28   01   02   03   04   05   06   07   08   09   10   11
   001   145   13   14   15   16   17   18   19   20   21   22   23   24   25   26   27   28   01   02   03   04   05   06   07   08   09   10   11   12
   002   146   13   14   15   16   17   18   19   20   21   22   23   24   25   26   27   28   01   02   03   04   05   06   07   08   09   10   11   12
   003   147   13   14   15   16   17   18   19   20   21   22   23   24   25   26   27   28   01   02   03   04   05   06   07   08   09   10   11   12
   004   148   13   14   15   16   17   18   19   20   21   22   23   24   25   26   27   28   01   02   03   04   05   06   07   08   09   10   11   12
   005   149   13   14   15   16   17   18   19   20   21   22   23   24   25   26   27   28   01   02   03   04   05   06   07   08   09   10   11   12
   006   150   13   14   15   16   17   18   19   20   21   22   23   24   25   26   27   28   01   02   03   04   05   06   07   08   09   10   11   12
   007   151   13   14   15   16   17   18   19   20   21   22   23   24   25   26   27   28   01   02   03   04   05   06   07   08   09   10   11   12
   008   152   13   14   15   16   17   18   19   20   21   22   23   24   25   26   27   28   01   02   03   04   05   06   07   08   09   10   11   12
   009   153   13   14   15   16   17   18   19   20   21   22   23   24   25   26   27   28   01   02   03   04   05   06   07   08   09   10   11   12
   010   154   13   14   15   16   17   18   19   20   21   22   23   24   25   26   27   28   01   02   03   04   05   06   07   08   09   10   11   12
   011   155   13   14   15   16   17   18   19   20   21   22   23   24   25   26   27   28   01   02   03   04   05   06   07   08   09   10   11   12
   012   156   13   14   15   16   17   18   19   20   21   22   23   24   25   26   27   28   01   02   03   04   05   06   07   08   09   10   11   12
   001   157   14   15   16   17   18   19   20   21   22   23   24   25   26   27   28   01   02   03   04   05   06   07   08   09   10   11   12   13
   002   158   14   15   16   17   18   19   20   21   22   23   24   25   26   27   28   01   02   03   04   05   06   07   08   09   10   11   12   13
   003   159   14   15   16   17   18   19   20   21   22   23   24   25   26   27   28   01   02   03   04   05   06   07   08   09   10   11   12   13
   004   160   14   15   16   17   18   19   20   21   22   23   24   25   26   27   28   01   02   03   04   05   06   07   08   09   10   11   12   13
   005   161   14   15   16   17   18   19   20   21   22   23   24   25   26   27   28   01   02   03   04   05   06   07   08   09   10   11   12   13
   006   162   14   15   16   17   18   19   20   21   22   23   24   25   26   27   28   01   02   03   04   05   06   07   08   09   10   11   12   13
   007   163   14   15   16   17   18   19   20   21   22   23   24   25   26   27   28   01   02   03   04   05   06   07   08   09   10   11   12   13
   008   164   14   15   16   17   18   19   20   21   22   23   24   25   26   27   28   01   02   03   04   05   06   07   08   09   10   11   12   13
   009   165   14   15   16   17   18   19   20   21   22   23   24   25   26   27   28   01   02   03   04   05   06   07   08   09   10   11   12   13
   010   166   14   15   16   17   18   19   20   21   22   23   24   25   26   27   28   01   02   03   04   05   06   07   08   09   10   11   12   13
   011   167   14   15   16   17   18   19   20   21   22   23   24   25   26   27   28   01   02   03   04   05   06   07   08   09   10   11   12   13
   012   168   14   15   16   17   18   19   20   21   22   23   24   25   26   27   28   01   02   03   04   05   06   07   08   09   10   11   12   13
   001   169   15   16   17   18   19   20   21   22   23   24   25   26   27   28   01   02   03   04   05   06   07   08   09   10   11   12   13   14
   002   170   15   16   17   18   19   20   21   22   23   24   25   26   27   28   01   02   03   04   05   06   07   08   09   10   11   12   13   14
   003   171   15   16   17   18   19   20   21   22   23   24   25   26   27   28   01   02   03   04   05   06   07   08   09   10   11   12   13   14
   004   172   15   16   17   18   19   20   21   22   23   24   25   26   27   28   01   02   03   04   05   06   07   08   09   10   11   12   13   14
   005   173   15   16   17   18   19   20   21   22   23   24   25   26   27   28   01   02   03   04   05   06   07   08   09   10   11   12   13   14
   006   174   15   16   17   18   19   20   21   22   23   24   25   26   27   28   01   02   03   04   05   06   07   08   09   10   11   12   13   14
   007   175   15   16   17   18   19   20   21   22   23   24   25   26   27   28   01   02   03   04   05   06   07   08   09   10   11   12   13   14
   008   176   15   16   17   18   19   20   21   22   23   24   25   26   27   28   01   02   03   04   05   06   07   08   09   10   11   12   13   14
   009   177   15   16   17   18   19   20   21   22   23   24   25   26   27   28   01   02   03   04   05   06   07   08   09   10   11   12   13   14
   010   178   15   16   17   18   19   20   21   22   23   24   25   26   27   28   01   02   03   04   05   06   07   08   09   10   11   12   13   14
   011   179   15   16   17   18   19   20   21   22   23   24   25   26   27   28   01   02   03   04   05   06   07   08   09   10   11   12   13   14
   012   180   15   16   17   18   19   20   21   22   23   24   25   26   27   28   01   02   03   04   05   06   07   08   09   10   11   12   13   14
   001   181   16   17   18   19   20   21   22   23   24   25   26   27   28   01   02   03   04   05   06   07   08   09   10   11   12   13   14   15
   002   182   16   17   18   19   20   21   22   23   24   25   26   27   28   01   02   03   04   05   06   07   08   09   10   11   12   13   14   15
   003   183   16   17   18   19   20   21   22   23   24   25   26   27   28   01   02   03   04   05   06   07   08   09   10   11   12   13   14   15
   004   184   16   17   18   19   20   21   22   23   24   25   26   27   28   01   02   03   04   05   06   07   08   09   10   11   12   13   14   15
   005   185   16   17   18   19   20   21   22   23   24   25   26   27   28   01   02   03   04   05   06   07   08   09   10   11   12   13   14   15
   006   186   16   17   18   19   20   21   22   23   24   25   26   27   28   01   02   03   04   05   06   07   08   09   10   11   12   13   14   15
   007   187   16   17   18   19   20   21   22   23   24   25   26   27   28   01   02   03   04   05   06   07   08   09   10   11   12   13   14   15
   008   188   16   17   18   19   20   21   22   23   24   25   26   27   28   01   02   03   04   05   06   07   08   09   10   11   12   13   14   15
   009   189   16   17   18   19   20   21   22   23   24   25   26   27   28   01   02   03   04   05   06   07   08   09   10   11   12   13   14   15
   010   190   16   17   18   19   20   21   22   23   24   25   26   27   28   01   02   03   04   05   06   07   08   09   10   11   12   13   14   15
   011   191   16   17   18   19   20   21   22   23   24   25   26   27   28   01   02   03   04   05   06   07   08   09   10   11   12   13   14   15
   012   192   16   17   18   19   20   21   22   23   24   25   26   27   28   01   02   03   04   05   06   07   08   09   10   11   12   13   14   15
   001   193   17   18   19   20   21   22   23   24   25   26   27   28   01   02   03   04   05   06   07   08   09   10   11   12   13   14   15   16
   002   194   17   18   19   20   21   22   23   24   25   26   27   28   01   02   03   04   05   06   07   08   09   10   11   12   13   14   15   16
   003   195   17   18   19   20   21   22   23   24   25   26   27   28   01   02   03   04   05   06   07   08   09   10   11   12   13   14   15   16
   004   196   17   18   19   20   21   22   23   24   25   26   27   28   01   02   03   04   05   06   07   08   09   10   11   12   13   14   15   16
   005   197   17   18   19   20   21   22   23   24   25   26   27   28   01   02   03   04   05   06   07   08   09   10   11   12   13   14   15   16
   006   198   17   18   19   20   21   22   23   24   25   26   27   28   01   02   03   04   05   06   07   08   09   10   11   12   13   14   15   16
   007   199   17   18   19   20   21   22   23   24   25   26   27   28   01   02   03   04   05   06   07   08   09   10   11   12   13   14   15   16
   008   200   17   18   19   20   21   22   23   24   25   26   27   28   01   02   03   04   05   06   07   08   09   10   11   12   13   14   15   16
   009   201   17   18   19   20   21   22   23   24   25   26   27   28   01   02   03   04   05   06   07   08   09   10   11   12   13   14   15   16
   010   202   17   18   19   20   21   22   23   24   25   26   27   28   01   02   03   04   05   06   07   08   09   10   11   12   13   14   15   16
   011   203   17   18   19   20   21   22   23   24   25   26   27   28   01   02   03   04   05   06   07   08   09   10   11   12   13   14   15   16
   012   204   17   18   19   20   21   22   23   24   25   26   27   28   01   02   03   04   05   06   07   08   09   10   11   12   13   14   15   16
   001   205   18   19   20   21   22   23   24   25   26   27   28   01   02   03   04   05   06   07   08   09   10   11   12   13   14   15   16   17
   002   206   18   19   20   21   22   23   24   25   26   27   28   01   02   03   04   05   06   07   08   09   10   11   12   13   14   15   16   17
   003   207   18   19   20   21   22   23   24   25   26   27   28   01   02   03   04   05   06   07   08   09   10   11   12   13   14   15   16   17
   004   208   18   19   20   21   22   23   24   25   26   27   28   01   02   03   04   05   06   07   08   09   10   11   12   13   14   15   16   17
   005   209   18   19   20   21   22   23   24   25   26   27   28   01   02   03   04   05   06   07   08   09   10   11   12   13   14   15   16   17
   006   210   18   19   20   21   22   23   24   25   26   27   28   01   02   03   04   05   06   07   08   09   10   11   12   13   14   15   16   17
   007   211   18   19   20   21   22   23   24   25   26   27   28   01   02   03   04   05   06   07   08   09   10   11   12   13   14   15   16   17
   008   212   18   19   20   21   22   23   24   25   26   27   28   01   02   03   04   05   06   07   08   09   10   11   12   13   14   15   16   17
   009   213   18   19   20   21   22   23   24   25   26   27   28   01   02   03   04   05   06   07   08   09   10   11   12   13   14   15   16   17
   010   214   18   19   20   21   22   23   24   25   26   27   28   01   02   03   04   05   06   07   08   09   10   11   12   13   14   15   16   17
   011   215   18   19   20   21   22   23   24   25   26   27   28   01   02   03   04   05   06   07   08   09   10   11   12   13   14   15   16   17
   012   216   18   19   20   21   22   23   24   25   26   27   28   01   02   03   04   05   06   07   08   09   10   11   12   13   14   15   16   17
   001   217   19   20   21   22   23   24   25   26   27   28   01   02   03   04   05   06   07   08   09   10   11   12   13   14   15   16   17   18
   002   218   19   20   21   22   23   24   25   26   27   28   01   02   03   04   05   06   07   08   09   10   11   12   13   14   15   16   17   18
   003   219   19   20   21   22   23   24   25   26   27   28   01   02   03   04   05   06   07   08   09   10   11   12   13   14   15   16   17   18
   004   220   19   20   21   22   23   24   25   26   27   28   01   02   03   04   05   06   07   08   09   10   11   12   13   14   15   16   17   18
   005   221   19   20   21   22   23   24   25   26   27   28   01   02   03   04   05   06   07   08   09   10   11   12   13   14   15   16   17   18
   006   222   19   20   21   22   23   24   25   26   27   28   01   02   03   04   05   06   07   08   09   10   11   12   13   14   15   16   17   18
   007   223   19   20   21   22   23   24   25   26   27   28   01   02   03   04   05   06   07   08   09   10   11   12   13   14   15   16   17   18
   008   224   19   20   21   22   23   24   25   26   27   28   01   02   03   04   05   06   07   08   09   10   11   12   13   14   15   16   17   18
   009   225   19   20   21   22   23   24   25   26   27   28   01   02   03   04   05   06   07   08   09   10   11   12   13   14   15   16   17   18
   010   226   19   20   21   22   23   24   25   26   27   28   01   02   03   04   05   06   07   08   09   10   11   12   13   14   15   16   17   18
   011   227   19   20   21   22   23   24   25   26   27   28   01   02   03   04   05   06   07   08   09   10   11   12   13   14   15   16   17   18
   012   228   19   20   21   22   23   24   25   26   27   28   01   02   03   04   05   06   07   08   09   10   11   12   13   14   15   16   17   18
   001   229   20   21   22   23   24   25   26   27   28   01   02   03   04   05   06   07   08   09   10   11   12   13   14   15   16   17   18   19
   002   230   20   21   22   23   24   25   26   27   28   01   02   03   04   05   06   07   08   09   10   11   12   13   14   15   16   17   18   19
   003   231   20   21   22   23   24   25   26   27   28   01   02   03   04   05   06   07   08   09   10   11   12   13   14   15   16   17   18   19
   004   232   20   21   22   23   24   25   26   27   28   01   02   03   04   05   06   07   08   09   10   11   12   13   14   15   16   17   18   19
   005   233   20   21   22   23   24   25   26   27   28   01   02   03   04   05   06   07   08   09   10   11   12   13   14   15   16   17   18   19
   006   234   20   21   22   23   24   25   26   27   28   01   02   03   04   05   06   07   08   09   10   11   12   13   14   15   16   17   18   19
   007   235   20   21   22   23   24   25   26   27   28   01   02   03   04   05   06   07   08   09   10   11   12   13   14   15   16   17   18   19
   008   236   20   21   22   23   24   25   26   27   28   01   02   03   04   05   06   07   08   09   10   11   12   13   14   15   16   17   18   19
   009   237   20   21   22   23   24   25   26   27   28   01   02   03   04   05   06   07   08   09   10   11   12   13   14   15   16   17   18   19
   010   238   20   21   22   23   24   25   26   27   28   01   02   03   04   05   06   07   08   09   10   11   12   13   14   15   16   17   18   19
   011   239   20   21   22   23   24   25   26   27   28   01   02   03   04   05   06   07   08   09   10   11   12   13   14   15   16   17   18   19
   012   240   20   21   22   23   24   25   26   27   28   01   02   03   04   05   06   07   08   09   10   11   12   13   14   15   16   17   18   19
   001   241   21   22   23   24   25   26   27   28   01   02   03   04   05   06   07   08   09   10   11   12   13   14   15   16   17   18   19   20
   002   242   21   22   23   24   25   26   27   28   01   02   03   04   05   06   07   08   09   10   11   12   13   14   15   16   17   18   19   20
   003   243   21   22   23   24   25   26   27   28   01   02   03   04   05   06   07   08   09   10   11   12   13   14   15   16   17   18   19   20
   004   244   21   22   23   24   25   26   27   28   01   02   03   04   05   06   07   08   09   10   11   12   13   14   15   16   17   18   19   20
   005   245   21   22   23   24   25   26   27   28   01   02   03   04   05   06   07   08   09   10   11   12   13   14   15   16   17   18   19   20
   006   246   21   22   23   24   25   26   27   28   01   02   03   04   05   06   07   08   09   10   11   12   13   14   15   16   17   18   19   20
   007   247   21   22   23   24   25   26   27   28   01   02   03   04   05   06   07   08   09   10   11   12   13   14   15   16   17   18   19   20
   008   248   21   22   23   24   25   26   27   28   01   02   03   04   05   06   07   08   09   10   11   12   13   14   15   16   17   18   19   20
   009   249   21   22   23   24   25   26   27   28   01   02   03   04   05   06   07   08   09   10   11   12   13   14   15   16   17   18   19   20
   010   250   21   22   23   24   25   26   27   28   01   02   03   04   05   06   07   08   09   10   11   12   13   14   15   16   17   18   19   20
   011   251   21   22   23   24   25   26   27   28   01   02   03   04   05   06   07   08   09   10   11   12   13   14   15   16   17   18   19   20
   012   252   21   22   23   24   25   26   27   28   01   02   03   04   05   06   07   08   09   10   11   12   13   14   15   16   17   18   19   20
   001   253   22   23   24   25   26   27   28   01   02   03   04   05   06   07   08   09   10   11   12   13   14   15   16   17   18   19   20   21
   002   254   22   23   24   25   26   27   28   01   02   03   04   05   06   07   08   09   10   11   12   13   14   15   16   17   18   19   20   21
   003   255   22   23   24   25   26   27   28   01   02   03   04   05   06   07   08   09   10   11   12   13   14   15   16   17   18   19   20   21
   004   256   22   23   24   25   26   27   28   01   02   03   04   05   06   07   08   09   10   11   12   13   14   15   16   17   18   19   20   21
   005   257   22   23   24   25   26   27   28   01   02   03   04   05   06   07   08   09   10   11   12   13   14   15   16   17   18   19   20   21
   006   258   22   23   24   25   26   27   28   01   02   03   04   05   06   07   08   09   10   11   12   13   14   15   16   17   18   19   20   21
   007   259   22   23   24   25   26   27   28   01   02   03   04   05   06   07   08   09   10   11   12   13   14   15   16   17   18   19   20   21
   008   260   22   23   24   25   26   27   28   01   02   03   04   05   06   07   08   09   10   11   12   13   14   15   16   17   18   19   20   21
   009   261   22   23   24   25   26   27   28   01   02   03   04   05   06   07   08   09   10   11   12   13   14   15   16   17   18   19   20   21
   010   262   22   23   24   25   26   27   28   01   02   03   04   05   06   07   08   09   10   11   12   13   14   15   16   17   18   19   20   21
   011   263   22   23   24   25   26   27   28   01   02   03   04   05   06   07   08   09   10   11   12   13   14   15   16   17   18   19   20   21
   012   264   22   23   24   25   26   27   28   01   02   03   04   05   06   07   08   09   10   11   12   13   14   15   16   17   18   19   20   21
   001   265   23   24   25   26   27   28   01   02   03   04   05   06   07   08   09   10   11   12   13   14   15   16   17   18   19   20   21   22
   002   266   23   24   25   26   27   28   01   02   03   04   05   06   07   08   09   10   11   12   13   14   15   16   17   18   19   20   21   22
   003   267   23   24   25   26   27   28   01   02   03   04   05   06   07   08   09   10   11   12   13   14   15   16   17   18   19   20   21   22
   004   268   23   24   25   26   27   28   01   02   03   04   05   06   07   08   09   10   11   12   13   14   15   16   17   18   19   20   21   22
   005   269   23   24   25   26   27   28   01   02   03   04   05   06   07   08   09   10   11   12   13   14   15   16   17   18   19   20   21   22
   006   270   23   24   25   26   27   28   01   02   03   04   05   06   07   08   09   10   11   12   13   14   15   16   17   18   19   20   21   22
   007   271   23   24   25   26   27   28   01   02   03   04   05   06   07   08   09   10   11   12   13   14   15   16   17   18   19   20   21   22
   008   272   23   24   25   26   27   28   01   02   03   04   05   06   07   08   09   10   11   12   13   14   15   16   17   18   19   20   21   22
   009   273   23   24   25   26   27   28   01   02   03   04   05   06   07   08   09   10   11   12   13   14   15   16   17   18   19   20   21   22
   010   274   23   24   25   26   27   28   01   02   03   04   05   06   07   08   09   10   11   12   13   14   15   16   17   18   19   20   21   22
   011   275   23   24   25   26   27   28   01   02   03   04   05   06   07   08   09   10   11   12   13   14   15   16   17   18   19   20   21   22
   012   276   23   24   25   26   27   28   01   02   03   04   05   06   07   08   09   10   11   12   13   14   15   16   17   18   19   20   21   22
