#IPDNumIte, IEtapa, ISimul, LDPhiPrv, Emb  1, Emb  2, Emb  3, Emb  4, Emb  5, Emb  6, Emb  7, Emb  8, Emb  9
1,1,1,498012760,-137.03762,-80.744038,-28.328619,-14.599519,-89.878595,-4.7662356,-14.058138,-22.07502,-10.539794
1,1,2,531373980,-202.38475,-84.795483,-26.576635,-13.483955,-66.580876,-4.5510965,-14.124632,-21.053815,-10.036833
1,1,3,936226770,-163.72738,-153.59241,-28.558539,-15.104474,-71.042166,-4.692866,-14.416527,-21.752482,-10.39058
1,1,4,980942310,-245.64128,-153.74652,-30.227197,-16.045938,-80.841852,-4.975219,-14.777959,-23.101144,-10.996188
1,1,5,998695940,-269.44623,-141.59964,-31.228813,-16.874819,-90.590502,-5.0624089,-15.338183,-23.502691,-11.153245
1,1,6,911244520,-297.00407,-160.01211,-33.117935,-18.695526,-109.16941,-5.1152426,-15.781302,-23.767215,-11.237294
1,1,7,1112230800,-112.65518,-147.32259,-31.503002,-17.567833,-95.32727,-4.87885,-15.270949,-22.673873,-10.794688
1,1,8,982362790,-112.22371,-164.75678,-33.391875,-19.375693,-107.39548,-4.927818,-15.564796,-22.912261,-10.885213
1,1,9,1046001100,-114.0376,-158.58864,-32.771172,-18.659996,-108.79327,-4.9636742,-15.888273,-23.027373,-10.942882
1,1,10,700225810,-168.43201,-147.41425,-32.064985,-17.856104,-90.505334,-5.0214161,-15.518762,-23.346457,-11.067374
1,1,11,663439280,-108.54814,-144.68502,-30.608538,-16.782841,-94.186054,-4.8360145,-14.360838,-22.452314,-10.69863
1,1,12,761461680,-113.75255,-165.76998,-32.745367,-18.659079,-112.12953,-4.9652522,-14.719734,-23.062225,-10.952843
1,1,13,180531570,-98.435519,-141.57812,-28.201712,-14.559216,-83.910802,-4.7406937,-14.159204,-21.964497,-10.497447
1,1,14,187427610,-254.99645,-88.216808,-28.562385,-14.721199,-88.876147,-4.8046658,-14.151189,-22.253995,-10.627358
1,1,15,660412870,-104.02039,-152.57014,-27.490301,-14.288238,-88.912796,-4.591851,-14.123945,-21.259941,-10.150625
1,1,16,462113500,-108.39937,-77.73743,-28.206576,-14.538568,-79.509542,-4.7458726,-14.040053,-21.969159,-10.485119
1,1,17,370005410,-95.002514,-151.60217,-25.403136,-12.407637,-91.057425,-4.5229105,-13.967798,-20.926757,-9.9852903
1,1,18,418091090,-125.97042,-79.148802,-28.278903,-14.56919,-87.22354,-4.7580384,-14.207497,-22.029386,-10.512327
1,1,19,489206100,-135.01418,-78.941953,-25.157627,-12.084398,-75.996571,-4.5447229,-15.091004,-21.048226,-10.047617
1,1,20,294288560,-152.76376,-147.7737,-31.985098,-17.772778,-91.049242,-5.0366378,-16.09312,-23.379204,-11.067397
1,1,21,757481450,-169.49278,-183.92489,-36.09276,-21.555305,-108.36191,-5.1806757,-15.780713,-24.066927,-11.37779
1,1,22,465526960,-185.81944,-144.01901,-29.104634,-15.3743,-69.612481,-4.7866071,-14.365406,-22.161433,-10.582052
1,1,23,465526960,-185.81944,-144.01901,-29.104634,-15.3743,-69.612481,-4.7866071,-14.365406,-22.161433,-10.582052
1,1,24,465526960,-185.81944,-144.01901,-29.104634,-15.3743,-69.612481,-4.7866071,-14.365406,-22.161433,-10.582052
1,1,25,465526960,-185.81944,-144.01901,-29.104634,-15.3743,-69.612481,-4.7866071,-14.365406,-22.161433,-10.582052
1,1,26,465526960,-185.81944,-144.01901,-29.104634,-15.3743,-69.612481,-4.7866071,-14.365406,-22.161433,-10.582052
1,1,27,465526960,-185.81944,-144.01901,-29.104634,-15.3743,-69.612481,-4.7866071,-14.365406,-22.161433,-10.582052
2,1,1,864376480,-1.9925301,-3.8520189,-4.4359951,-0.20323067,0,-3.9847726,0,-17.068042,-7.4573855
2,1,2,794133330,-0.78137854,-7.96E-17,-3.8562047,0,0,-3.7646532,0,-13.439091,-6.123993
2,1,3,1024061100,-6.612604,-2.0131491,-4.0409751,0,0,-3.8914005,0,-16.492929,-7.1674729
2,1,4,920905430,-2.3615811,-10.261116,-4.4352085,0,0,-3.8687548,0,-15.200857,-6.7165987
2,1,5,979301900,-2.9006166,-3.9954068,-2.9197847,0,0,-3.588987,0,-7.81051,-4.1742003
2,1,6,987324210,-6.7583356,-2.135484,-3.5722327,0,0,-3.6035397,0,-9.9498965,-4.6619295
2,1,7,1084663400,-97.938425,-14.357906,-9.593716,3.92E-19,0,-4.0265995,0,-16.462859,-7.1728167
2,1,8,1113711400,-104.88097,-11.262345,-9.3138097,0,0,-4.0428714,0,-16.359025,-7.0009356
2,1,9,1061337300,-109.71755,-10.429007,-9.3403578,0,0,-4.0659289,0,-17.30337,-7.5316296
2,1,10,865384140,-16.291378,-15.649504,-7.031163,0,0,-3.664395,0,-11.337618,-5.1170975
2,1,11,884725950,-146.15038,-18.027537,-10.326189,0,0,-4.1415991,0,-18.414714,-8.1200582
2,1,12,998257210,-159.67359,-28.387202,-10.910246,-0.53883979,0,-4.0231059,0,-17.461875,-7.6147717
2,1,13,795023010,-75.589898,-47.619717,-15.274334,-4.3840157,0,-4.2681394,0,-18.750601,-8.372147
2,1,14,717448600,-10.171002,-33.061632,-11.401507,-5.6189983,0,-4.0365872,0,-16.749707,-7.2856061
2,1,15,798063640,-16.333653,-7.6573513,-10.405136,-5.1439519,0,-4.1559152,0,-18.17104,-7.985941
2,1,16,759857350,-13.985245,-29.378738,-12.75014,-5.8683509,0,-4.2213518,0,-17.55298,-7.5543158
2,1,17,766761170,-10.284729,-5.5290533,-6.1303701,-1.7075317,0,-3.9451828,0,-15.391122,-6.7038301
2,1,18,686315260,-1.9023586,-0.55169837,-3.7809316,0,0,-3.6959592,0,-11.26928,-5.4963986
2,1,19,676024890,-4.3591894,-0.60130405,-3.9447519,0,0,-4.0820876,0,-13.290319,-6.0923465
2,1,20,690252880,-5.1968501,-1.5134407,-2.7988506,0,0,-3.5856162,0,-7.7677478,-4.1451242
2,1,21,712121500,-9.1278187,-14.889388,-4.1989597,0,0,-3.3855133,0,-10.626795,-4.7963744
2,1,22,588159510,-10.043223,-33.266237,-9.0140363,-0.35771204,0,-4.1921754,0,-18.857649,-8.5538577
2,1,23,588159510,-10.043223,-33.266237,-9.0140363,-0.35771204,0,-4.1921754,0,-18.857649,-8.5538577
2,1,24,588159510,-10.043223,-33.266237,-9.0140363,-0.35771204,0,-4.1921754,0,-18.857649,-8.5538577
2,1,25,588159510,-10.043223,-33.266237,-9.0140363,-0.35771204,0,-4.1921754,0,-18.857649,-8.5538577
2,1,26,588159510,-10.043223,-33.266237,-9.0140363,-0.35771204,0,-4.1921754,0,-18.857649,-8.5538577
2,1,27,588159510,-10.043223,-33.266237,-9.0140363,-0.35771204,0,-4.1921754,0,-18.857649,-8.5538577
3,1,1,983118330,-129.29044,-77.636808,-28.190267,-14.509344,-76.93378,-4.7495002,-13.704105,-21.975448,-10.478999
3,1,2,1145652900,-155.88652,-58.914872,-24.806489,-11.876172,-63.434564,-4.4995378,-13.853313,-20.913576,-9.7532525
3,1,3,1327181800,-184.63565,-147.56884,-27.188809,-14.232801,-66.288848,-4.518924,-14.047699,-21.354027,-9.8700656
3,1,4,1609502600,-179.69416,-81.303743,-27.844867,-14.350989,-64.166662,-4.6846356,-14.038632,-21.659246,-10.321306
3,1,5,1390718700,-178.73902,-83.471483,-28.036718,-14.46071,-63.871729,-4.7125062,-14.084784,-21.80966,-10.404739
3,1,6,1190457400,-296.88791,-159.88027,-32.974384,-18.694444,-108.92196,-5.0942842,-14.64166,-23.691678,-11.207902
3,1,7,1299785700,-192.58116,-86.257776,-28.478202,-14.713451,-90.918811,-4.7860391,-14.988267,-22.181973,-10.603147
3,1,8,1290060000,-168.99,-165.01301,-32.838054,-18.674105,-107.43616,-5.0447821,-14.753768,-23.470266,-11.103444
3,1,9,1225152900,-205.42499,-156.88204,-33.244127,-18.702917,-108.32249,-5.1810569,-15.886791,-24.058687,-11.371833
3,1,10,1007542200,-158.15761,-143.63532,-31.718514,-17.650415,-83.341394,-4.9948912,-14.642361,-23.237816,-10.998457
3,1,11,1002397300,-169.8823,-138.83473,-31.053497,-16.880231,-93.521976,-5.0229982,-14.428308,-23.311198,-11.039226
3,1,12,1124399000,-180.41016,-161.61955,-30.802638,-16.644773,-110.62486,-5.0242,-14.517475,-23.354153,-11.063969
3,1,13,858969120,-108.89013,-95.104364,-27.845049,-14.330775,-61.769553,-4.6867276,-13.534107,-21.68224,-10.32385
3,1,14,800462640,-97.792741,-69.764682,-27.752686,-14.295756,-61.150748,-4.678037,-13.187531,-21.636695,-10.300656
3,1,15,986779160,-182.35716,-152.15804,-25.898419,-12.95153,-87.281462,-4.5098864,-13.967602,-21.164132,-9.9521594
3,1,16,836436060,-87.076123,-71.742635,-27.794325,-14.311015,-61.905857,-4.679983,-13.217844,-21.64771,-10.308388
3,1,17,890786210,-90.054652,-143.81919,-25.00938,-12.174052,-87.497638,-4.6090199,-13.672639,-20.828169,-9.285598
3,1,18,802938350,-86.791514,-71.347063,-27.685952,-14.270633,-62.727886,-4.6757971,-13.319244,-21.624784,-10.289018
3,1,19,794826840,-91.665972,-56.398071,-23.687294,-10.798695,-59.483823,-4.4788382,-12.829796,-20.777024,-9.6376425
3,1,20,941408740,-291.43691,-140.4178,-29.530811,-16.111079,-89.164857,-4.7733413,-15.622778,-22.165146,-10.515179
3,1,21,1102677700,-207.56524,-181.32562,-32.737249,-18.372655,-108.13176,-5.1271505,-14.968778,-23.810541,-11.250916
3,1,22,873869860,-184.58494,-86.302175,-28.82855,-15.195714,-68.287581,-4.7400983,-14.285215,-21.935541,-10.466482
3,1,23,873869860,-184.58494,-86.302175,-28.82855,-15.195714,-68.287581,-4.7400983,-14.285215,-21.935541,-10.466482
3,1,24,873869860,-184.58494,-86.302175,-28.82855,-15.195714,-68.287581,-4.7400983,-14.285215,-21.935541,-10.466482
3,1,25,873869860,-184.58494,-86.302175,-28.82855,-15.195714,-68.287581,-4.7400983,-14.285215,-21.935541,-10.466482
3,1,26,873869860,-184.58494,-86.302175,-28.82855,-15.195714,-68.287581,-4.7400983,-14.285215,-21.935541,-10.466482
3,1,27,873869860,-184.58494,-86.302175,-28.82855,-15.195714,-68.287581,-4.7400983,-14.285215,-21.935541,-10.466482
4,1,1,1342723300,-119.29436,-72.01995,-26.635347,-13.717063,-31.010324,-4.4808684,-13.013062,-20.762099,-9.6616286
4,1,2,1397677900,-123.98781,-15.310727,-14.554153,-5.6637303,-5.8265861,-4.1376915,-5.8828359,-17.549819,-7.6469906
4,1,3,1660033700,-114.00276,-22.719385,-22.297227,-11.192028,-37.19004,-4.4568112,-12.777706,-18.820855,-8.0732745
4,1,4,1407499300,-29.191184,-36.124066,-15.717504,-6.673901,-7.3353828,-4.0806409,0,-17.075324,-7.4817394
4,1,5,1489664300,-90.575369,-54.010581,-26.468713,-13.676299,-3.9907394,-4.4534952,-12.429596,-20.649017,-9.8254201
4,1,6,1666629200,-175.55511,-49.584985,-26.553838,-13.686314,-0.62726861,-4.4842181,-13.66167,-20.686258,-9.8299661
4,1,7,1525546400,-105.02722,-75.074635,-26.694131,-13.791557,-8.6794748,-4.4806429,-13.597565,-20.763736,-9.8821308
4,1,8,1500113100,-123.53031,-144.77195,-26.465337,-13.753581,0,-4.5423802,-13.589034,-20.656642,-9.5319257
4,1,9,1446582000,-114.51472,-120.10794,-26.673027,-13.770453,-7.3439237,-4.4806429,-13.406855,-20.785489,-9.9038836
4,1,10,1372128000,-175.29116,-76.528327,-25.962807,-13.43613,-4.623175,-4.4703481,-12.830544,-16.874934,-6.871394
4,1,11,1385795200,-147.26693,-70.01248,-26.040137,-13.320202,-3.8278261,-4.4526408,-13.540927,-20.595846,-9.5753475
4,1,12,1410532300,-168.00242,-121.07844,-26.480679,-13.718008,-4.9152638,-4.5531037,-13.5966,-20.723801,-9.5012821
4,1,13,1279350500,-97.266716,-67.159745,-26.438422,-13.65785,-7.9578226,-4.4751917,-13.547182,-20.637734,-9.7926768
4,1,14,1169517800,-126.50725,-56.812972,-23.937372,-11.396508,-0.89163105,-4.4724228,-12.534347,-19.932481,-8.7225536
4,1,15,1298620700,-106.43994,-23.328529,-22.65781,-11.39814,-12.323539,-4.4285948,-13.355069,-20.155459,-9.2094529
4,1,16,1146009500,-136.57108,-75.123451,-26.180123,-13.350346,-0.21647226,-4.5411557,-13.395681,-20.602947,-9.7839514
4,1,17,1235019800,-129.07297,-21.838726,-21.014281,-10.112212,-1.7655545,-4.3482905,-12.538484,-17.518012,-7.0764335
4,1,18,1199532200,-141.86579,-72.967585,-26.195674,-13.513341,-6.1845415,-4.5321556,-11.91348,-20.13991,-8.9787733
4,1,19,1163862400,-26.410069,-29.020943,-16.236605,-7.3064567,-3.742281,-4.2671075,-6.9897239,-16.932034,-7.4735224
4,1,20,1408641600,-164.82139,-27.58798,-22.422715,-10.614673,-6.2992359,-4.4315192,-0.15978722,-20.015553,-9.0987594
4,1,21,1366159500,-181.74675,-89.488674,-26.6419,-13.759716,-6.9996838,-4.4719347,-12.0762,-20.686948,-9.8162468
4,1,22,965369150,-64.864432,-54.122003,-25.876735,-13.441777,0,-4.4573326,-9.3249663,-20.383367,-9.613258
4,1,23,965369150,-64.864432,-54.122003,-25.876735,-13.441777,0,-4.4573326,-9.3249663,-20.383367,-9.613258
4,1,24,965369150,-64.864432,-54.122003,-25.876735,-13.441777,0,-4.4573326,-9.3249663,-20.383367,-9.613258
4,1,25,965369150,-64.864432,-54.122003,-25.876735,-13.441777,0,-4.4573326,-9.3249663,-20.383367,-9.613258
4,1,26,965369150,-64.864432,-54.122003,-25.876735,-13.441777,0,-4.4573326,-9.3249663,-20.383367,-9.613258
4,1,27,965369150,-64.864432,-54.122003,-25.876735,-13.441777,0,-4.4573326,-9.3249663,-20.383367,-9.613258
5,1,1,1220708600,-14.389593,-11.627112,-10.145583,-3.6433311,-8.7388196,-4.24965,-0.37881764,-18.068177,-7.9040425
5,1,2,1326276800,-7.7350813,-24.58063,-10.703077,-3.4372673,-57.337709,-4.4261792,0,-14.40022,-6.6149625
5,1,3,1588989300,-36.449357,-65.652189,-18.704937,-7.9031516,-35.434097,-4.3103223,-1.910675,-18.155359,-7.9530799
5,1,4,1550954000,-49.497054,-50.796489,-24.712121,-12.057562,-21.493527,-4.5319473,-13.487042,-20.574486,-9.6456747
5,1,5,1521920100,-91.558252,-53.639086,-26.315055,-13.350929,-59.303169,-4.5100279,-13.58487,-20.86631,-9.928618
5,1,6,1499670400,-45.982109,-70.404508,-23.501083,-11.012221,-64.692805,-4.5784482,-4.5977815,-20.760861,-9.6662395
5,1,7,1553360900,-136.45869,-77.078475,-25.964746,-12.928719,-60.696731,-4.5231381,-9.4663309,-20.93239,-9.9626659
5,1,8,1608767000,-153.48629,-131.2693,-27.517571,-14.439509,-91.280141,-4.5466259,-2.9879261,-21.078218,-10.063581
5,1,9,1472394900,-155.88152,-132.23394,-26.65613,-13.608408,-64.474416,-4.5321967,-10.439504,-20.991715,-10.016342
5,1,10,1396636400,-155.23467,-80.78195,-27.291023,-14.263435,-60.734879,-4.5256719,-3.1033619,-20.939447,-9.967882
5,1,11,1406640100,-148.2659,-73.791802,-26.682063,-13.688235,-58.654462,-4.5103475,-9.0015058,-20.872891,-9.9337664
5,1,12,1439266800,-169.59519,-100.9522,-26.39711,-13.43604,-77.531846,-4.547349,-11.999207,-20.897397,-9.9828063
5,1,13,1293586400,-101.61011,-69.921625,-27.790245,-14.315128,-61.165149,-4.6779273,-11.80164,-21.636865,-10.309274
5,1,14,1189631900,-125.37098,-65.038952,-26.868089,-13.96576,-58.002027,-4.4861019,-10.694581,-20.887794,-9.624322
5,1,15,1316115900,-106.40644,-58.141297,-23.96886,-11.218911,-58.670665,-4.5663101,-10.113961,-19.680134,-8.3537153
5,1,16,1160214600,-127.98067,-61.686744,-27.763546,-14.306664,-61.07133,-4.6729359,-5.6786511,-21.612142,-10.29782
5,1,17,1214757800,-97.53528,-44.056833,-20.817683,-8.7333954,-56.661242,-4.501794,-0.9818528,-17.905148,-7.6714252
5,1,18,1069567100,-18.922344,-31.101214,-9.4031086,-0.66145523,-58.130786,-4.471136,-6.0703361,-20.147672,-9.220285
5,1,19,1164832300,-22.227863,-25.550704,-12.894901,-5.8508759,-54.061962,-4.3377669,-5.2888861,-13.576458,-6.3903519
5,1,20,1243063700,-36.55045,-53.237724,-19.701219,-8.4917675,-47.363273,-4.4355373,-11.829864,-16.504313,-6.9748371
5,1,21,1226299800,-38.658731,-107.08818,-25.123045,-12.77595,-103.18073,-4.4878745,-7.766804,-20.7798,-9.8709347
5,1,22,1068937400,-126.86334,-79.597049,-27.968205,-14.416022,-63.353156,-4.7031134,-11.382408,-21.759205,-10.372896
5,1,23,1068937400,-126.86334,-79.597049,-27.968205,-14.416022,-63.353156,-4.7031134,-11.382408,-21.759205,-10.372896
5,1,24,1068937400,-126.86334,-79.597049,-27.968205,-14.416022,-63.353156,-4.7031134,-11.382408,-21.759205,-10.372896
5,1,25,1068937400,-126.86334,-79.597049,-27.968205,-14.416022,-63.353156,-4.7031134,-11.382408,-21.759205,-10.372896
5,1,26,1068937400,-126.86334,-79.597049,-27.968205,-14.416022,-63.353156,-4.7031134,-11.382408,-21.759205,-10.372896
5,1,27,1068937400,-126.86334,-79.597049,-27.968205,-14.416022,-63.353156,-4.7031134,-11.382408,-21.759205,-10.372896
6,1,1,1400404300,-93.64235,-54.525023,-27.055635,-13.91973,-60.815192,-4.5594108,-12.993225,-21.09095,-10.033775
6,1,2,1453710900,-27.960334,-15.545208,-14.464246,-6.972122,-30.914108,-4.1964504,-11.020035,-15.382229,-6.7826216
6,1,3,1706519500,-109.57573,-47.40859,-22.776902,-10.980401,-35.497629,-4.4401023,-10.817172,-18.680451,-7.7758045
6,1,4,1578278100,-131.16887,-60.665138,-23.356767,-10.866734,-12.006142,-4.4999505,-1.9217378,-20.171903,-9.3277482
6,1,5,1667831800,-132.13671,-71.869261,-23.893976,-11.187444,-24.882657,-4.5583187,-0.54706584,-20.566744,-9.3500598
6,1,6,1738267500,-100.73921,-53.936308,-24.450462,-11.767309,-57.29356,-4.5926463,-3.5928781,-20.570572,-9.2043922
6,1,7,1730707800,-159.05441,-62.856026,-25.822767,-12.913508,-21.919201,-4.4788564,-10.943254,-20.708379,-9.8366042
6,1,8,1707395200,-124.79792,-36.890039,-23.235266,-11.037561,-33.162081,-4.4591574,-13.653205,-20.510496,-9.5490479
6,1,9,1611453400,-178.34346,-127.59572,-26.51924,-13.593262,-21.75705,-4.4832389,-13.596612,-20.758089,-9.8792057
6,1,10,1514345100,-140.05382,-70.927602,-24.67571,-11.735365,-26.401487,-4.488212,-12.793059,-20.792419,-9.9046722
6,1,11,1478096000,-154.71386,-74.422602,-25.025957,-12.130737,-39.479414,-4.5182849,-11.458023,-20.723924,-9.7499472
6,1,12,1498772600,-171.05455,-121.46166,-23.850986,-11.051622,-34.873828,-4.5568868,-8.035412,-20.589753,-9.6326253
6,1,13,1302343800,-99.265383,-70.294313,-26.857688,-13.87575,-32.141928,-4.5096397,-13.65262,-20.810538,-9.8901051
6,1,14,1185861200,-16.987847,-39.890204,-15.477453,-7.5707927,-23.955488,-4.4532642,-0.38450145,-19.003321,-8.1145696
6,1,15,1263646400,-19.746555,-39.572584,-16.343188,-8.3896664,-28.007385,-4.4690063,-0.69320716,-18.693987,-7.799739
6,1,16,1136940200,-16.141969,-39.881433,-19.24755,-10.193817,-38.360052,-4.4720566,-12.486085,-20.672427,-9.8154571
6,1,17,1197887700,-17.286608,-33.78405,-13.146357,-5.8722775,-34.123944,-4.4159176,-0.36641377,-16.927713,-7.3204592
6,1,18,1162170700,-9.603545,-31.341426,-16.018058,-8.154355,-19.633364,-4.3952345,0,-19.81958,-9.0688384
6,1,19,1310409200,-149.88018,-21.63714,-13.881888,-3.3866131,-26.810053,-4.3217696,-2.0073299,-13.221229,-6.1343548
6,1,20,1382588100,-34.214184,-39.338766,-16.371863,-6.1608843,-16.922061,-4.2079916,-11.885242,-14.65055,-6.465986
6,1,21,1376799200,-57.943852,-156.02638,-22.818387,-10.870861,-14.661935,-4.4246405,-10.128773,-19.574871,-8.5736008
6,1,22,1100119900,-28.042347,-52.680328,-24.473761,-13.088469,-5.9232759,-4.4640018,-3.0023416,-20.284957,-9.5114076
6,1,23,1100119900,-28.042347,-52.680328,-24.473761,-13.088469,-5.9232759,-4.4640018,-3.0023416,-20.284957,-9.5114076
6,1,24,1100119900,-28.042347,-52.680328,-24.473761,-13.088469,-5.9232759,-4.4640018,-3.0023416,-20.284957,-9.5114076
6,1,25,1100119900,-28.042347,-52.680328,-24.473761,-13.088469,-5.9232759,-4.4640018,-3.0023416,-20.284957,-9.5114076
6,1,26,1100119900,-28.042347,-52.680328,-24.473761,-13.088469,-5.9232759,-4.4640018,-3.0023416,-20.284957,-9.5114076
6,1,27,1100119900,-28.042347,-52.680328,-24.473761,-13.088469,-5.9232759,-4.4640018,-3.0023416,-20.284957,-9.5114076
7,1,1,1381467000,-93.64235,-51.239936,-26.141596,-13.465685,-11.682067,-4.5350115,-10.640889,-20.419746,-9.3602561
7,1,2,1509182900,-163.42404,-31.949482,-18.268695,-7.7805756,-21.687724,-4.2610985,0,-16.228238,-6.9380603
7,1,3,1636117300,-58.344428,-20.091009,-18.004659,-9.0260148,-36.342253,-4.279672,-5.9048272,-18.42297,-8.1862051
7,1,4,1628155900,-122.88622,-74.719421,-26.849186,-13.900484,-51.894187,-4.5896736,-12.291448,-20.836929,-9.8695961
7,1,5,1606332100,-53.914868,-46.480149,-23.862966,-11.64896,-58.233035,-4.5391201,-13.361541,-20.573834,-9.4025828
7,1,6,1735268800,-104.11202,-54.081101,-24.567125,-12.105771,-32.664162,-4.5007336,-12.7129,-19.577968,-8.4954861
7,1,7,1735954600,-159.03922,-73.129402,-26.245055,-13.248059,-59.314772,-4.5039022,-11.013051,-20.876397,-9.9416335
7,1,8,1714220200,-124.79792,-97.6681,-26.897072,-13.945027,-32.229483,-4.5042163,-3.1112623,-20.794626,-9.8939384
7,1,9,1617540800,-178.34346,-128.28598,-27.745643,-14.314671,-61.348247,-4.6563475,-12.757169,-21.568561,-10.286012
7,1,10,1518785600,-147.08197,-78.3535,-27.359378,-14.16332,-60.519028,-4.5766284,-9.6674268,-21.200486,-10.100251
7,1,11,1481126100,-128.81291,-67.657877,-27.003717,-14.127605,-18.839596,-4.497561,-10.476497,-20.680358,-9.8264287
7,1,12,1508357300,-168.1485,-97.103375,-26.864622,-13.914917,-40.874927,-4.6106599,-13.414106,-20.774285,-9.881685
7,1,13,1305331300,-101.30354,-71.197231,-27.825318,-14.332768,-60.890576,-4.6730652,-11.958694,-21.654455,-10.321143
7,1,14,1241154400,-152.16995,-78.345156,-26.567724,-13.693877,-59.624368,-4.5713398,-13.475494,-20.934004,-9.4871106
7,1,15,1332362500,-60.722352,-48.960612,-22.071001,-10.22146,-37.663394,-4.4691069,-13.33644,-19.102051,-8.0607796
7,1,16,1169051300,-98.499342,-68.798883,-26.999854,-14.14177,-47.179678,-4.4803683,-6.4468814,-20.801092,-9.501048
7,1,17,1255047300,-69.862503,-41.137017,-21.44994,-10.467092,-48.705492,-4.443138,-11.545849,-17.651137,-7.5979515
7,1,18,1249249500,-78.883682,-54.163771,-19.265998,-6.9420672,-58.383799,-4.4520019,-6.317654,-19.961237,-8.9676547
7,1,19,1323318800,-145.54575,-42.85713,-21.743192,-9.8730736,-5.3116558,-4.4038772,-1.9725081,-19.320917,-8.4319387
7,1,20,1403820800,-65.982411,-34.541817,-19.448909,-9.2399898,-19.712342,-4.2987491,-3.2966501,-16.744712,-6.9303115
7,1,21,1444213200,-277.33117,-180.11254,-33.685293,-20.240836,-93.645874,-4.7613519,-13.251781,-21.906213,-10.117849
7,1,22,1153936500,-99.713003,-74.011772,-27.853793,-14.33303,-62.958723,-4.6884322,-13.906312,-21.706093,-10.341593
7,1,23,1153936500,-99.713003,-74.011772,-27.853793,-14.33303,-62.958723,-4.6884322,-13.906312,-21.706093,-10.341593
7,1,24,1153936500,-99.713003,-74.011772,-27.853793,-14.33303,-62.958723,-4.6884322,-13.906312,-21.706093,-10.341593
7,1,25,1153936500,-99.713003,-74.011772,-27.853793,-14.33303,-62.958723,-4.6884322,-13.906312,-21.706093,-10.341593
7,1,26,1153936500,-99.713003,-74.011772,-27.853793,-14.33303,-62.958723,-4.6884322,-13.906312,-21.706093,-10.341593
7,1,27,1153936500,-99.713003,-74.011772,-27.853793,-14.33303,-62.958723,-4.6884322,-13.906312,-21.706093,-10.341593
8,1,1,1316576000,-10.001855,-28.410471,-12.931471,-5.7546625,-18.767421,-4.3195398,0,-18.936466,-8.4718208
8,1,2,1565104000,-78.856704,-24.655751,-16.74857,-7.5109091,0,-4.0587663,0,-15.745932,-6.9602731
8,1,3,1716927000,-76.118183,-47.221524,-20.0441,-8.5249231,-8.8175873,-4.3247043,-12.265981,-17.23307,-7.0703263
8,1,4,1717962200,-80.791267,-52.531982,-26.312823,-13.725082,-24.50312,-4.5425646,-12.327197,-20.624853,-9.7719685
8,1,5,1684694300,-118.35353,-51.286371,-24.785438,-11.971456,-58.855767,-4.5679023,-13.60091,-20.818387,-9.6084168
8,1,6,1671513400,-57.457477,-67.132585,-23.213706,-11.066794,-22.643119,-4.5086731,-6.0496199,-20.013657,-8.8740159
8,1,7,1736120600,-121.59403,-65.829579,-26.383754,-13.428366,-50.455857,-4.5043381,-13.642766,-20.783189,-9.8721426
8,1,8,1732780100,-165.90441,-122.02614,-25.533084,-12.597083,-71.791845,-4.522712,-13.739537,-21.079339,-9.8117937
8,1,9,1544150800,-62.268766,-54.80366,-26.966041,-14.173774,-57.108001,-4.4951373,-4.1887852,-20.741463,-9.8375043
8,1,10,1519480600,-143.90067,-75.168548,-26.765582,-13.767409,-42.506806,-4.5076269,-12.007276,-20.846903,-9.886137
8,1,11,1485272000,-128.96966,-62.967124,-25.412134,-12.477471,-58.033943,-4.4892071,-10.559483,-20.775482,-9.8693343
8,1,12,1518958100,-173.05341,-124.53334,-24.960379,-12.033738,-51.659887,-4.6201854,-13.020441,-20.764574,-9.841029
8,1,13,1319232000,-99.652899,-70.923479,-26.916295,-13.8961,-60.013167,-4.5330362,-13.317589,-21.120053,-9.8103482
8,1,14,1264145600,-83.578309,-56.983549,-22.858931,-10.449991,-2.5384385,-4.4218831,-10.967922,-20.176834,-9.3927654
8,1,15,1346002500,-179.78995,-72.081632,-21.628117,-9.8514155,-3.8700132,-4.3498866,-1.4470924,-19.041112,-8.4406799
8,1,16,1238039200,-111.12116,-53.6127,-25.801637,-12.919454,-13.309509,-4.4818695,-12.604406,-20.706422,-9.8468979
8,1,17,1302154100,-59.711965,-47.80897,-19.662235,-8.7124082,-8.0190883,-4.2655104,-3.0827452,-16.878885,-7.3983284
8,1,18,1256173000,-63.578791,-42.173082,-25.128127,-13.091356,-21.278856,-4.4351879,-12.440263,-19.748927,-8.789234
8,1,19,1290548600,-51.420762,-12.315242,-10.890216,-2.7260143,-36.017341,-4.2812634,-11.707421,-13.768929,-6.3118452
8,1,20,1514760000,-164.94931,-42.143217,-21.789974,-10.578733,-23.073565,-4.3409875,0,-17.41334,-7.1184291
8,1,21,1511720500,-185.66569,-164.72733,-22.320593,-9.609519,-39.195881,-4.4649648,-6.9757354,-19.96119,-8.6746172
8,1,22,1167018100,-96.505634,-66.770248,-25.80309,-13.112809,-8.0740332,-4.5246129,-5.9939431,-20.476013,-9.6836258
8,1,23,1167018100,-96.505634,-66.770248,-25.80309,-13.112809,-8.0740332,-4.5246129,-5.9939431,-20.476013,-9.6836258
8,1,24,1167018100,-96.505634,-66.770248,-25.80309,-13.112809,-8.0740332,-4.5246129,-5.9939431,-20.476013,-9.6836258
8,1,25,1167018100,-96.505634,-66.770248,-25.80309,-13.112809,-8.0740332,-4.5246129,-5.9939431,-20.476013,-9.6836258
8,1,26,1167018100,-96.505634,-66.770248,-25.80309,-13.112809,-8.0740332,-4.5246129,-5.9939431,-20.476013,-9.6836258
8,1,27,1167018100,-96.505634,-66.770248,-25.80309,-13.112809,-8.0740332,-4.5246129,-5.9939431,-20.476013,-9.6836258
9,1,1,1404544200,-44.090777,-47.365961,-25.822654,-13.470269,-40.699291,-4.4889945,-13.06084,-20.580978,-9.4129454
9,1,2,1609046300,-78.856704,-25.910885,-20.930025,-9.4206726,-59.702027,-4.4610108,-12.771524,-20.028457,-8.9239017
9,1,3,1732978400,-76.573596,-35.026078,-21.852552,-10.967739,-31.694042,-4.4643778,-4.2724031,-18.646801,-8.0402428
9,1,4,1714219200,-80.791267,-44.408792,-22.017971,-9.8179137,-28.541144,-4.4909773,-12.068593,-20.274133,-9.2283971
9,1,5,1689216800,-112.54125,-63.256647,-23.692841,-11.068715,-11.105643,-4.4879816,-13.274009,-20.447894,-9.377329
9,1,6,1748469000,-107.02519,-62.602574,-24.37029,-11.661645,-41.828892,-4.5799557,-5.4023781,-20.426771,-9.0678637
9,1,7,1737911600,-121.59403,-69.078181,-27.115485,-14.223169,-31.080357,-4.4876125,-8.8531328,-20.869897,-9.6723305
9,1,8,1748157100,-154.00639,-71.538827,-25.179969,-12.275268,-23.101625,-4.5096874,-13.754924,-20.820418,-9.7036609
9,1,9,1618023000,-177.64835,-127.89725,-27.259567,-14.290809,-52.071228,-4.4981255,-13.727137,-20.810823,-9.9003216
9,1,10,1523767000,-126.22974,-66.588646,-27.107472,-14.208909,-39.468747,-4.4893635,-13.077216,-20.856774,-9.7781752
9,1,11,1505585600,-156.15802,-76.440439,-25.349046,-12.434173,-49.007765,-4.504988,-11.030287,-20.747855,-9.8323946
9,1,12,1539022700,-169.83919,-108.06051,-25.144849,-12.297328,-20.052454,-4.5879271,-11.462547,-20.667853,-9.7584306
9,1,13,1332868300,-100.24262,-69.618356,-26.928849,-13.867559,-34.762714,-4.5333876,-13.520162,-20.984336,-10.005732
9,1,14,1280385700,-83.512766,-56.351374,-25.156364,-12.285335,-57.728392,-4.5004912,-4.8846916,-20.746891,-9.5860195
9,1,15,1375874500,-130.44108,-36.933107,-22.38952,-10.845057,-38.11745,-4.4091078,-6.6515949,-19.661384,-8.8746519
9,1,16,1242237800,-104.67167,-61.095458,-27.475828,-14.155756,-60.272653,-4.6164975,-3.7520737,-21.379404,-10.17654
9,1,17,1319850300,-67.859504,-37.096554,-19.978346,-9.3213065,-41.935091,-4.3946215,-11.680961,-17.464022,-7.2033417
9,1,18,1247498300,-73.702421,-60.312609,-18.690075,-6.5801118,-22.50671,-4.4181956,-5.2723345,-17.991728,-7.7669205
9,1,19,1333990000,-94.474317,-41.945763,-19.595171,-8.7580328,-13.911142,-4.2568489,-0.011192793,-15.367067,-6.6856748
9,1,20,1505150300,-137.31199,-22.136508,-20.176389,-9.8112779,-23.499787,-4.3055406,-11.277127,-16.706928,-6.9352176
9,1,21,1520436900,-177.30849,-94.240812,-26.952413,-14.122709,-37.902918,-4.5066659,-13.381149,-20.774555,-9.3231665
9,1,22,1186762000,-68.451525,-56.222847,-26.286866,-13.512094,-58.778236,-4.4912631,-6.1219341,-20.775424,-9.6377148
9,1,23,1186762000,-68.451525,-56.222847,-26.286866,-13.512094,-58.778236,-4.4912631,-6.1219341,-20.775424,-9.6377148
9,1,24,1186762000,-68.451525,-56.222847,-26.286866,-13.512094,-58.778236,-4.4912631,-6.1219341,-20.775424,-9.6377148
9,1,25,1186762000,-68.451525,-56.222847,-26.286866,-13.512094,-58.778236,-4.4912631,-6.1219341,-20.775424,-9.6377148
9,1,26,1186762000,-68.451525,-56.222847,-26.286866,-13.512094,-58.778236,-4.4912631,-6.1219341,-20.775424,-9.6377148
9,1,27,1186762000,-68.451525,-56.222847,-26.286866,-13.512094,-58.778236,-4.4912631,-6.1219341,-20.775424,-9.6377148
10,1,1,1428314900,-94.817915,-64.114567,-22.784249,-9.988919,-59.661339,-4.4906536,0,-20.763323,-9.8571052
10,1,2,1603050300,-55.619221,-23.138333,-15.480013,-6.4682943,-8.8099121,-4.1063556,-4.3779329,-16.255747,-7.1489732
10,1,3,1731226900,-76.573596,-34.502507,-20.088651,-9.933389,-21.850732,-4.2877153,-3.9349079,-17.767596,-7.7492647
10,1,4,1720936400,-80.791267,-52.005545,-25.877889,-13.183917,-57.437908,-4.46486,-12.020486,-20.668076,-9.6103391
10,1,5,1694278900,-112.54125,-62.932605,-26.836881,-13.854084,-58.554033,-4.5127585,-1.6080869,-20.872021,-9.9386213
10,1,6,1777665200,-99.070962,-41.868418,-23.698274,-11.493465,-31.381975,-4.53988,-12.67116,-20.276751,-9.0792038
10,1,7,1741845000,-121.97961,-68.650246,-26.288069,-13.332681,-57.049096,-4.5066185,-13.168666,-20.768095,-9.8674079
10,1,8,1749204500,-149.26255,-82.551133,-26.979038,-14.084261,-48.340818,-4.5167969,-10.836288,-20.955978,-9.6810289
10,1,9,1601600900,-124.10494,-99.3174,-26.849347,-13.90499,-45.520308,-4.5040226,-9.794082,-20.787843,-9.8867703
10,1,10,1524702200,-133.89553,-75.60288,-26.388546,-13.439043,-35.004496,-4.4909165,-11.513095,-20.78847,-9.8935073
10,1,11,1518539500,-156.50992,-74.567637,-25.514288,-12.618734,-36.66484,-4.484548,-11.83371,-20.794853,-9.7256205
10,1,12,1544733800,-169.58592,-117.09669,-25.293178,-12.369545,-59.966049,-4.5968676,-10.892216,-20.869899,-9.7188392
10,1,13,1336420500,-102.31262,-70.870366,-27.811898,-14.319015,-61.348431,-4.673178,-13.46581,-21.652772,-10.319187
10,1,14,1300156900,-82.45376,-54.610338,-23.797836,-11.363149,-47.772096,-4.5409764,-12.627553,-19.621669,-8.4557009
10,1,15,1375951200,-48.148135,-47.658527,-21.309595,-10.259136,-13.946503,-4.3116024,-12.584636,-18.937888,-8.3383868
10,1,16,1271762200,-28.053035,-46.972545,-20.913046,-11.177513,-38.562253,-4.5319121,-13.360646,-20.613378,-9.7653035
10,1,17,1322446200,-63.307636,-20.602667,-17.650498,-7.9777625,-36.205584,-4.3843769,-12.124034,-16.887001,-7.0275794
10,1,18,1273498000,-102.83113,-58.942833,-24.734608,-12.067302,-57.038237,-4.5218383,-0.018184122,-19.773164,-8.7791578
10,1,19,1313632400,-51.420762,-10.653155,-9.7550232,-1.4773529,-17.953888,-4.2915682,-12.383918,-15.603855,-6.7067925
10,1,20,1449111500,-86.132815,-42.730107,-20.613484,-9.5082531,-23.631426,-4.2843545,-0.54269596,-16.704849,-6.887451
10,1,21,1398190000,-50.801212,-65.945558,-23.397772,-11.450085,-39.003889,-4.4869516,-2.0002288,-19.370258,-8.2447485
10,1,22,1191389200,-35.658956,-78.6035,-26.48425,-13.680618,-14.585314,-4.4803292,-13.623123,-20.700336,-9.8568958
10,1,23,1191389200,-35.658956,-78.6035,-26.48425,-13.680618,-14.585314,-4.4803292,-13.623123,-20.700336,-9.8568958
10,1,24,1191389200,-35.658956,-78.6035,-26.48425,-13.680618,-14.585314,-4.4803292,-13.623123,-20.700336,-9.8568958
10,1,25,1191389200,-35.658956,-78.6035,-26.48425,-13.680618,-14.585314,-4.4803292,-13.623123,-20.700336,-9.8568958
10,1,25,1191389200,-35.658956,-78.6035,-26.48425,-13.680618,-14.585314,-4.4803292,-13.623123,-20.700336,-9.8568958
10,1,26,1191389200,-35.658956,-78.6035,-26.48425,-13.680618,-14.585314,-4.4803292,-13.623123,-20.700336,-9.8568958
10,1,27,1191389200,-35.658956,-78.6035,-26.48425,-13.680618,-14.585314,-4.4803292,-13.623123,-20.700336,-9.8568958
11,1,1,1469069800,-89.02956,-62.414656,-26.038276,-13.305424,-17.720366,-4.4541369,-13.332865,-20.514239,-9.7114166
11,1,2,1645531400,-77.716108,-28.372294,-19.045394,-8.3703076,-53.913349,-4.4472897,-5.1525335,-16.055962,-6.9490665
11,1,3,1734524200,-78.158367,-45.751131,-22.376967,-11.291893,0,-4.3027072,-12.965966,-18.324658,-8.1097604
11,1,4,1716772500,-80.791267,-50.425026,-24.454491,-11.729583,-57.487055,-4.4692429,-7.5455383,-20.618423,-9.7417334
11,1,5,1655752900,-66.74658,-49.65593,-23.190935,-10.789903,-46.390501,-4.522672,-6.0297668,-20.437845,-9.3421312
11,1,6,1752144800,-83.027897,-53.475746,-23.388674,-11.153164,-30.976718,-4.5018415,-8.8312032,-19.690855,-8.5358831
11,1,7,1771688700,-141.21448,-61.341719,-26.427982,-13.487636,-31.148344,-4.4936492,-9.418606,-20.72956,-9.8403222
11,1,8,1733324500,-110.83235,-73.441801,-27.026876,-14.165083,-30.402984,-4.5044284,-10.655012,-20.777507,-9.3464293
11,1,9,1612044500,-126.99699,-123.68894,-26.829807,-13.864726,-27.474265,-4.504893,-13.723379,-20.852323,-9.9529984
11,1,10,1520405200,-144.70766,-76.100455,-25.758964,-12.906863,-17.40017,-4.4912156,-10.599189,-20.679563,-9.7464316
11,1,11,1524323400,-156.50992,-72.429467,-26.845537,-13.898435,-36.684481,-4.4911494,-11.833753,-20.748856,-9.8555294
11,1,12,1551352100,-173.07875,-122.95794,-25.036355,-12.177852,-47.430685,-4.6018802,-12.253343,-20.825172,-9.6228395
11,1,13,1345410300,-99.240011,-69.7096,-26.752968,-13.826995,-58.67664,-4.5019103,-12.772932,-20.95213,-9.6553457
11,1,14,1293028100,-89.80778,-57.054756,-24.537552,-12.063629,-18.101843,-4.4871145,-0.2734026,-19.80561,-8.6617767
11,1,15,1398077700,-69.617283,-48.701038,-22.447856,-10.830278,-46.947804,-4.4791122,-11.175693,-18.871288,-7.7838908
11,1,16,1293460800,-96.034343,-69.122736,-26.969785,-13.904944,-60.264406,-4.5409416,-10.221604,-20.99461,-9.9933407
11,1,17,1330092900,-69.020053,-42.938958,-19.968181,-8.8795444,-25.881937,-4.3984249,-6.4811665,-17.107663,-7.3745366
11,1,18,1272632900,-82.084528,-51.269025,-24.943042,-12.666455,-15.112547,-4.4198817,-7.6865869,-19.553595,-8.6120807
11,1,19,1321719300,-59.517887,-32.465817,-16.06313,-7.2827836,-18.17854,-3.8769552,-0.1222075,-12.724789,-5.9933585
11,1,20,1411608300,-50.425731,-32.252938,-19.782189,-10.819996,-10.126128,-4.1693963,-11.582384,-16.447885,-7.0549814
11,1,21,1465268500,-125.58173,-161.17548,-23.956026,-11.403527,-25.496832,-4.4641229,-8.6822394,-19.642103,-8.4290814
11,1,22,1206896500,-97.056697,-70.121283,-27.792628,-14.307099,-60.610084,-4.6603197,-12.374425,-21.632896,-10.305308
11,1,23,1206896500,-97.056697,-70.121283,-27.792628,-14.307099,-60.610084,-4.6603197,-12.374425,-21.632896,-10.305308
11,1,24,1206896500,-97.056697,-70.121283,-27.792628,-14.307099,-60.610084,-4.6603197,-12.374425,-21.632896,-10.305308
11,1,25,1206896500,-97.056697,-70.121283,-27.792628,-14.307099,-60.610084,-4.6603197,-12.374425,-21.632896,-10.305308
11,1,26,1206896500,-97.056697,-70.121283,-27.792628,-14.307099,-60.610084,-4.6603197,-12.374425,-21.632896,-10.305308
11,1,27,1206896500,-97.056697,-70.121283,-27.792628,-14.307099,-60.610084,-4.6603197,-12.374425,-21.632896,-10.305308
12,1,1,1451877500,-65.204835,-31.573636,-19.47493,-8.6491412,-56.062521,-4.4799335,-6.1717433,-18.771487,-7.9490507
12,1,2,1639058100,-77.962159,-25.115783,-17.71514,-7.2734771,-19.525112,-4.3306916,-5.1549911,-16.526822,-6.9552891
12,1,3,1738557600,-67.873603,-52.520692,-21.506156,-9.8537801,-19.180877,-4.3733878,-12.095098,-18.084808,-7.4519085
12,1,4,1722180200,-80.791267,-52.890562,-26.818516,-14.016365,-53.076077,-4.4893343,-12.751571,-20.721493,-9.8257127
12,1,5,1704252900,-100.03303,-58.186987,-25.85108,-13.043066,-39.309421,-4.5544826,-5.3251262,-20.641693,-9.3497585
12,1,6,1795695700,-113.14189,-70.092086,-24.195737,-11.495279,-23.87706,-4.5716614,-2.0604922,-20.212083,-8.9009758
12,1,7,1775844000,-141.03613,-70.195524,-26.890147,-13.885623,-60.062601,-4.5019528,-13.503259,-20.888916,-9.9481559
12,1,8,1752779200,-157.7898,-95.165695,-25.157248,-12.291682,-45.084248,-4.5049095,-5.3269479,-20.870077,-9.6371222
12,1,9,1615593600,-126.99699,-123.92173,-27.718761,-14.297148,-61.500916,-4.648565,-12.335403,-21.557853,-10.282937
12,1,10,1533246800,-141.29451,-72.282497,-26.476411,-13.581969,-55.594323,-4.4973124,-9.5583832,-20.889152,-9.676259
12,1,11,1524190000,-156.99169,-76.299951,-25.826687,-12.908402,-39.932109,-4.4888837,-7.2241039,-20.745523,-9.8199117
12,1,12,1549131800,-171.43395,-119.34365,-24.971012,-12.119016,-35.317127,-4.6299376,-12.110942,-20.807548,-9.6304659
12,1,13,1346579800,-101.2246,-70.630611,-27.822683,-14.3298,-61.600862,-4.6821482,-12.871089,-21.654809,-10.313045
12,1,14,1332543000,-79.887221,-53.728965,-23.655589,-11.24064,-25.784052,-4.5257167,-13.238461,-19.962968,-8.7503572
12,1,15,1416938400,-81.999777,-22.774438,-21.080565,-10.073005,-45.328584,-4.4757157,-8.5395182,-18.878716,-7.9148272
12,1,16,1291667600,-74.79796,-51.199844,-25.276239,-12.493955,-59.74763,-4.4913611,-12.949808,-20.761321,-9.8726286
12,1,17,1334263800,-74.561383,-36.365962,-19.736374,-8.990206,-25.503296,-4.3939984,-10.149121,-17.523251,-7.5669449
12,1,18,1282086200,-57.004046,-51.257677,-26.142677,-13.689849,-57.361788,-4.4664364,-12.758888,-20.151447,-9.0049453
12,1,19,1350766700,-62.649273,-16.309192,-13.895836,-4.658285,-22.573446,-4.2034078,-1.4663476,-17.89401,-7.7096262
12,1,20,1450588300,-69.79204,-42.243608,-17.075651,-6.4977675,-32.423252,-4.2106842,-4.4505851,-15.51655,-6.8744968
12,1,21,1458423300,-93.639718,-74.529109,-24.81461,-12.107303,-49.110891,-4.4948259,-11.952321,-19.547925,-8.411199
12,1,22,1203934200,-94.849331,-68.043889,-26.450008,-13.634054,-43.189985,-4.4975126,-0.31557289,-20.543466,-9.1467481
12,1,23,1203934200,-94.849331,-68.043889,-26.450008,-13.634054,-43.189985,-4.4975126,-0.31557289,-20.543466,-9.1467481
12,1,24,1203934200,-94.849331,-68.043889,-26.450008,-13.634054,-43.189985,-4.4975126,-0.31557289,-20.543466,-9.1467481
12,1,25,1203934200,-94.849331,-68.043889,-26.450008,-13.634054,-43.189985,-4.4975126,-0.31557289,-20.543466,-9.1467481
12,1,26,1203934200,-94.849331,-68.043889,-26.450008,-13.634054,-43.189985,-4.4975126,-0.31557289,-20.543466,-9.1467481
12,1,27,1203934200,-94.849331,-68.043889,-26.450008,-13.634054,-43.189985,-4.4975126,-0.31557289,-20.543466,-9.1467481
13,1,1,1429607300,-36.731154,-49.710749,-25.180524,-13.428233,-59.297675,-4.4905685,-4.1158912,-20.744923,-9.8417171
13,1,2,1627048100,-78.549015,-26.720011,-16.441812,-7.1200414,-12.763354,-4.1354938,-1.4574,-15.526871,-6.923489
13,1,3,1750947100,-78.234977,-38.442645,-20.930081,-9.9598612,-16.280933,-4.2959264,-12.492751,-18.287243,-8.0256488
13,1,4,1717912900,-81.117239,-51.378232,-25.511192,-12.88576,-40.893887,-4.4694915,-7.7960539,-20.584374,-9.730432
13,1,5,1681660300,-80.725123,-48.812267,-23.154194,-10.725943,-29.001751,-4.5708748,-13.086498,-20.561154,-9.745213
13,1,6,1799903300,-113.01183,-44.480704,-23.536129,-11.360223,-28.604764,-4.5236689,-12.739071,-19.927041,-8.7407268
13,1,7,1779565900,-140.01993,-69.38889,-26.785906,-13.846563,-53.899727,-4.5048563,-9.1253306,-20.784345,-9.8732982
13,1,8,1780947400,-158.79444,-140.78248,-27.193446,-14.273824,-22.133677,-4.4894874,-12.725425,-20.924142,-9.7265611
13,1,9,1626296800,-165.59558,-129.58591,-27.026427,-13.970905,-58.203731,-4.536877,-9.6754845,-20.980498,-10.000055
13,1,10,1537714900,-138.60354,-59.100103,-26.903196,-13.961848,-22.174804,-4.488238,-9.6226126,-20.772648,-9.8869542
13,1,11,1526539200,-154.30172,-71.184824,-24.987818,-12.078657,-33.923922,-4.5064945,-11.678597,-20.719635,-9.8344859
13,1,12,1553464400,-170.30321,-109.47119,-27.248978,-14.307964,-39.496644,-4.6618373,-12.48069,-20.750141,-9.8644472
13,1,13,1352540800,-99.139912,-70.384035,-26.96647,-13.949244,-59.582155,-4.5305546,-13.832852,-21.002835,-9.8653139
13,1,14,1328864700,-85.252718,-56.34236,-23.507944,-10.906794,-22.458351,-4.5395077,-7.4238121,-19.959275,-8.6983743
13,1,15,1406875700,-83.302282,-64.459906,-21.988376,-10.080805,-26.579611,-4.4069066,-9.4588056,-18.491144,-7.9950866
13,1,16,1296654600,-85.298614,-57.875163,-26.141238,-13.151421,-59.133213,-4.5116114,-13.257385,-20.867853,-9.9298185
13,1,17,1311414000,-39.307012,-34.454683,-16.935075,-7.9705019,-15.51206,-4.1455858,-2.2840651,-15.980919,-7.0491599
13,1,18,1273803700,-64.420959,-50.034182,-22.24183,-10.229959,-19.798059,-4.3815386,-6.8117317,-18.587198,-8.1307938
13,1,19,1349827000,-62.649273,-16.237634,-13.565156,-4.6728428,-22.568823,-4.1738312,-1.4663476,-17.017009,-7.382938
13,1,20,1495606800,-123.04057,-39.361382,-18.522038,-7.6167138,-21.582711,-4.2596112,-4.2888051,-15.67949,-6.7241789
13,1,21,1446157300,-80.796344,-126.63594,-23.275175,-11.31739,-16.732042,-4.4124884,-13.303511,-19.428712,-8.6220474
13,1,22,1212040800,-67.837075,-55.538324,-26.818797,-13.860212,-59.774063,-4.5395767,-12.157404,-20.985494,-9.9842147
13,1,23,1212040800,-67.837075,-55.538324,-26.818797,-13.860212,-59.774063,-4.5395767,-12.157404,-20.985494,-9.9842147
13,1,24,1212040800,-67.837075,-55.538324,-26.818797,-13.860212,-59.774063,-4.5395767,-12.157404,-20.985494,-9.9842147
13,1,25,1212040800,-67.837075,-55.538324,-26.818797,-13.860212,-59.774063,-4.5395767,-12.157404,-20.985494,-9.9842147
13,1,26,1212040800,-67.837075,-55.538324,-26.818797,-13.860212,-59.774063,-4.5395767,-12.157404,-20.985494,-9.9842147
13,1,27,1212040800,-67.837075,-55.538324,-26.818797,-13.860212,-59.774063,-4.5395767,-12.157404,-20.985494,-9.9842147
14,1,1,1472902100,-71.265663,-49.286651,-26.023616,-13.767682,-57.479759,-4.4721087,-11.654533,-20.55991,-9.3680139
14,1,2,1622739700,-65.293193,-25.73918,-17.202002,-7.5279481,-15.095436,-4.1524106,-4.336569,-15.698793,-6.9754154
14,1,3,1745715300,-78.234891,-39.272667,-20.858453,-9.8012103,-21.487101,-4.4103931,-2.627259,-17.770267,-7.262656
14,1,4,1725900800,-84.8867,-51.317288,-25.278955,-12.548275,-47.946142,-4.4828829,-3.5856981,-20.629212,-9.7489695
14,1,5,1708694000,-98.107,-56.003227,-26.488896,-13.593911,-20.982833,-4.5914805,-13.527223,-20.690753,-9.8313291
14,1,6,1806033200,-108.67347,-73.576922,-24.507241,-11.796525,-36.706073,-4.5787846,-10.995363,-20.05817,-8.7444365
14,1,7,1778974000,-139.45087,-69.398145,-26.742275,-13.802598,-23.320559,-4.5029524,-12.950975,-20.757459,-9.8633146
14,1,8,1779986300,-152.56192,-86.521721,-25.219428,-12.271401,-61.255174,-4.4993119,-12.402674,-20.810413,-9.8993663
14,1,9,1624607100,-149.92143,-123.33477,-27.264778,-14.292008,-54.712613,-4.4954185,-10.649958,-20.816781,-9.9079156
14,1,10,1542384000,-138.60464,-68.295177,-26.463794,-13.545844,-43.567391,-4.5013576,-13.184044,-20.719235,-9.828062
14,1,11,1532466800,-157.65193,-78.115371,-27.158745,-14.226811,-20.842418,-4.5087083,-12.269108,-20.733648,-9.8483555
14,1,12,1550679300,-171.57354,-116.30151,-24.830971,-11.929066,-39.28781,-4.6490702,-12.461154,-20.744279,-9.788578
14,1,13,1346496700,-98.003031,-68.731073,-26.628306,-13.718044,-18.876674,-4.469501,-11.14367,-20.725053,-9.8761018
14,1,14,1332579100,-82.013174,-51.953765,-23.20959,-10.870261,-44.034564,-4.5081853,-8.9319285,-19.584793,-8.4299937
14,1,15,1414811100,-69.419115,-68.712459,-22.742313,-10.720061,-29.987996,-4.4924166,-12.815277,-19.805011,-8.7522129
14,1,16,1297505700,-59.288157,-51.437747,-25.05923,-12.3687,-59.09173,-4.5003934,-9.7329733,-20.813621,-9.8957598
14,1,17,1327655600,-53.528083,-39.583496,-19.074593,-8.5818999,-22.149761,-4.3633794,-5.6951531,-16.736701,-6.9365988
14,1,18,1288459000,-94.268293,-67.252884,-26.248146,-13.719151,-33.503913,-4.4728875,-11.586798,-19.443157,-8.5060143
14,1,19,1363839400,-66.942332,-37.286038,-17.872229,-8.1494667,-22.100147,-4.1390662,-7.1768087,-13.597337,-6.3777125
14,1,20,1501744500,-113.19681,-54.939685,-20.037823,-8.1806399,-20.341916,-4.3420444,-9.8052841,-16.607536,-7.2310991
14,1,21,1468151300,-113.09992,-52.837316,-24.821992,-12.194941,-34.039558,-4.4886461,-5.192307,-20.258867,-8.9341439
14,1,22,1211615700,-80.396104,-56.993881,-26.626971,-13.723372,-24.160573,-4.4934492,-13.204611,-20.778557,-9.8946018
14,1,23,1211615700,-80.396104,-56.993881,-26.626971,-13.723372,-24.160573,-4.4934492,-13.204611,-20.778557,-9.8946018
14,1,24,1211615700,-80.396104,-56.993881,-26.626971,-13.723372,-24.160573,-4.4934492,-13.204611,-20.778557,-9.8946018
14,1,25,1211615700,-80.396104,-56.993881,-26.626971,-13.723372,-24.160573,-4.4934492,-13.204611,-20.778557,-9.8946018
14,1,26,1211615700,-80.396104,-56.993881,-26.626971,-13.723372,-24.160573,-4.4934492,-13.204611,-20.778557,-9.8946018
14,1,27,1211615700,-80.396104,-56.993881,-26.626971,-13.723372,-24.160573,-4.4934492,-13.204611,-20.778557,-9.8946018
15,1,1,1469135100,-74.487353,-45.329482,-21.670694,-9.6632935,-22.252107,-4.4609932,0,-19.385478,-8.4413411
15,1,2,1603485400,-51.410551,-24.232708,-16.027935,-7.096001,-14.980898,-4.1418101,-4.6637142,-15.088543,-6.5759025
15,1,3,1757111400,-78.279033,-45.875877,-21.361547,-9.7928582,-20.339663,-4.3932032,-11.764555,-18.560295,-8.0453459
15,1,4,1725206600,-84.876396,-52.471067,-26.411277,-13.649244,-27.79753,-4.4823307,-4.8754516,-20.650205,-9.7784141
15,1,5,1712129000,-98.141491,-56.336281,-24.023775,-11.219666,-57.982682,-4.5620949,-9.4460845,-20.747448,-9.5356316
15,1,6,1716233900,-45.745984,-27.697106,-21.557323,-10.89654,-29.517058,-4.480943,-12.773481,-19.934045,-8.8800506
15,1,7,1783515900,-139.39052,-69.875228,-26.574894,-13.625857,-56.27073,-4.5033071,-11.877432,-20.796826,-9.8898682
15,1,8,1781652400,-152.10431,-126.69336,-25.07391,-12.126879,-46.74677,-4.4958687,-12.376927,-20.783904,-9.8270379
15,1,9,1625976200,-125.17171,-76.898053,-26.699217,-13.783272,-60.151632,-4.5064721,-13.623336,-21.0773,-9.6377732
15,1,10,1541497400,-138.6021,-68.664069,-26.154688,-13.242718,-39.470759,-4.4804173,-9.687789,-20.791392,-9.6549118
15,1,11,1532849100,-153.70658,-73.881185,-24.406344,-11.522912,-57.818102,-4.4902377,-10.690887,-20.749726,-9.8449499
15,1,12,1559210900,-171.72093,-121.62655,-25.005907,-12.099322,-45.72993,-4.6491837,-12.583601,-20.740867,-9.8123046
15,1,13,1353669700,-99.415939,-69.894712,-26.995404,-13.904264,-40.653935,-4.5439935,-13.455788,-21.0194,-10.016451
15,1,14,1332056200,-83.267407,-54.745305,-23.509656,-11.028371,-29.711563,-4.5247668,-9.5275763,-19.627775,-8.4418237
15,1,15,1427044300,-76.143583,-31.110394,-21.024387,-10.27736,-15.813285,-4.3307084,-7.410983,-19.053171,-8.3066873
15,1,16,1305899500,-71.525247,-52.242803,-25.991628,-13.405087,-10.402229,-4.4504107,-13.142979,-20.501233,-9.7028988
15,1,17,1328378600,-57.761977,-46.083272,-19.711988,-8.9112054,-15.608989,-4.291994,-10.369652,-16.923343,-7.3693911
15,1,18,1279686300,-71.263196,-35.67293,-23.019259,-11.652148,-26.382816,-4.4621855,-6.9884053,-18.948477,-8.3254526
15,1,19,1360899500,-65.974535,-26.755291,-15.60209,-5.8370455,-22.205507,-4.1297865,-3.8402352,-17.371705,-7.6025713
15,1,20,1487344000,-90.879119,-32.959754,-19.531706,-8.9820382,-24.378372,-4.2943735,-7.3602502,-16.571757,-6.8926902
15,1,21,1481616300,-113.06697,-81.746197,-25.4367,-12.714829,-31.705772,-4.5055147,-10.488492,-19.899028,-8.6456936
15,1,22,1222011100,-83.922151,-67.798952,-27.232069,-14.034627,-59.442385,-4.5936159,-13.889504,-21.256478,-10.123959
15,1,23,1222011100,-83.922151,-67.798952,-27.232069,-14.034627,-59.442385,-4.5936159,-13.889504,-21.256478,-10.123959
15,1,24,1222011100,-83.922151,-67.798952,-27.232069,-14.034627,-59.442385,-4.5936159,-13.889504,-21.256478,-10.123959
15,1,25,1222011100,-83.922151,-67.798952,-27.232069,-14.034627,-59.442385,-4.5936159,-13.889504,-21.256478,-10.123959
15,1,26,1222011100,-83.922151,-67.798952,-27.232069,-14.034627,-59.442385,-4.5936159,-13.889504,-21.256478,-10.123959
15,1,27,1222011100,-83.922151,-67.798952,-27.232069,-14.034627,-59.442385,-4.5936159,-13.889504,-21.256478,-10.123959
16,1,1,1465184200,-48.4214,-49.487093,-24.470054,-12.002636,-56.415028,-4.5524242,-12.292703,-20.43675,-9.2413976
16,1,2,1620426700,-65.108788,-22.988513,-16.283691,-6.6955605,-14.690481,-4.1568009,-4.2126329,-15.454451,-6.6525205
16,1,3,1745342800,-78.694428,-36.884234,-19.942097,-9.6772366,-12.548336,-4.2478918,-4.1315373,-17.821086,-7.5438132
16,1,4,1727418700,-84.778388,-51.497237,-25.349406,-12.804226,-46.095998,-4.515429,-6.5793827,-20.606251,-9.7426376
16,1,5,1712286700,-102.96582,-58.732885,-24.446797,-11.711565,-19.917171,-4.5216809,-1.1230276,-20.557871,-9.5631952
16,1,6,1804468000,-106.93816,-28.971631,-22.898584,-10.923445,-27.952259,-4.5354888,-9.5754889,-20.197491,-9.0365449
16,1,7,1783626100,-139.32435,-68.684579,-27.23288,-14.283843,-33.704215,-4.5044499,-10.919531,-20.756029,-9.8610661
16,1,8,1777615400,-153.52634,-111.89462,-27.063375,-14.205867,-28.698042,-4.4951444,-3.7873302,-20.753238,-9.2617529
16,1,9,1648081600,-133.82255,-128.70722,-26.502522,-13.544461,-37.012095,-4.5006591,-10.976342,-20.832249,-9.9394668
16,1,10,1548075500,-137.80902,-68.07096,-27.145587,-14.193877,-27.893633,-4.4949033,-11.805944,-20.754211,-9.8584302
16,1,11,1532693100,-153.67114,-68.448512,-25.356267,-12.420936,-32.518083,-4.4939836,-10.826314,-20.731033,-9.8417953
16,1,12,1559704400,-173.14355,-124.37127,-24.733919,-11.892531,-28.887267,-4.6039047,-11.850337,-20.796484,-9.5276972
16,1,13,1355462500,-100.94669,-70.681156,-27.816037,-14.326162,-59.966737,-4.6691581,-11.737494,-21.647669,-10.322535
16,1,14,1348661700,-77.313087,-51.239461,-23.531247,-11.28727,-24.420033,-4.4940889,-6.052068,-19.585369,-8.4947243
16,1,15,1436895300,-76.515889,-44.66093,-21.584869,-10.152667,-41.41674,-4.4704987,-12.021784,-18.691915,-7.8225241
16,1,16,1324240000,-98.078897,-69.914794,-27.880742,-14.581891,-60.331432,-4.6119397,-13.394486,-21.357883,-10.163054
16,1,17,1330500800,-55.603891,-36.910365,-18.517873,-8.4699436,-23.894897,-4.3482078,-6.5710363,-16.83757,-7.2859478
16,1,18,1276789800,-57.021081,-48.683901,-24.340746,-12.743651,-47.31954,-4.4649074,-1.3919388,-16.920628,-7.4764016
16,1,19,1361403800,-66.28985,-30.300699,-16.065697,-6.6358209,-22.168734,-4.1207934,-4.9013411,-15.355804,-6.7041955
16,1,20,1400675800,-30.22548,-42.249782,-15.228993,-5.7839527,-28.334191,-4.265867,-3.8399267,-15.088924,-6.7806998
16,1,21,1464613200,-97.544949,-79.378185,-24.185618,-11.610714,-32.452846,-4.4973209,-5.4444959,-19.819421,-8.5631503
16,1,22,1221892600,-97.094632,-68.968784,-27.317776,-14.088869,-60.705041,-4.634408,-4.3266514,-21.241629,-10.065445
16,1,23,1221892600,-97.094632,-68.968784,-27.317776,-14.088869,-60.705041,-4.634408,-4.3266514,-21.241629,-10.065445
16,1,24,1221892600,-97.094632,-68.968784,-27.317776,-14.088869,-60.705041,-4.634408,-4.3266514,-21.241629,-10.065445
16,1,25,1221892600,-97.094632,-68.968784,-27.317776,-14.088869,-60.705041,-4.634408,-4.3266514,-21.241629,-10.065445
16,1,26,1221892600,-97.094632,-68.968784,-27.317776,-14.088869,-60.705041,-4.634408,-4.3266514,-21.241629,-10.065445
16,1,27,1221892600,-97.094632,-68.968784,-27.317776,-14.088869,-60.705041,-4.634408,-4.3266514,-21.241629,-10.065445
17,1,1,1475295500,-65.643463,-48.211382,-23.726044,-11.65858,-15.989453,-4.4051914,-12.410889,-19.851388,-8.9532914
17,1,2,1609365300,-56.777511,-23.854271,-15.680706,-6.6332722,-13.449094,-4.1314847,-4.4362097,-14.970541,-6.7454867
17,1,3,1756630500,-78.663556,-45.727464,-20.985841,-9.3252304,-16.329971,-4.3000083,-8.9824848,-17.768862,-7.6934374
17,1,4,1735305900,-84.32219,-50.535714,-24.500213,-11.756535,-38.702156,-4.4747828,-8.9636663,-20.611886,-9.7499368
17,1,5,1722506200,-102.94911,-45.73259,-23.793211,-11.361841,-56.02739,-4.5693744,-12.369553,-20.561451,-9.336355
17,1,6,1811224900,-106.97216,-55.940675,-24.24956,-11.69997,-31.191025,-4.5547976,-9.5027369,-19.735236,-8.480499
17,1,7,1783452000,-139.18774,-68.49806,-25.562743,-12.630086,-58.102379,-4.4908294,-9.9483716,-20.756826,-9.8561388
17,1,8,1775942300,-133.76364,-96.529693,-27.129825,-14.183129,-41.446127,-4.5004457,-13.398749,-20.901986,-9.8072742
17,1,9,1651682100,-133.82255,-128.97335,-27.071344,-14.059131,-60.505034,-4.5130333,-13.14176,-20.925029,-9.9807242
17,1,10,1547959000,-137.80706,-68.874184,-24.89184,-12.024987,-57.445235,-4.4972051,-11.370181,-20.822375,-9.7493474
17,1,11,1531752000,-153.92142,-71.380877,-25.321061,-12.449573,-29.762295,-4.5000514,-9.6534971,-20.813037,-9.653502
17,1,12,1565162800,-170.25663,-102.69238,-27.150883,-14.23895,-42.199202,-4.6541653,-12.096847,-20.896863,-9.745921
17,1,13,1356019400,-99.695788,-70.380014,-26.987753,-13.969524,-59.439991,-4.5247559,-13.686213,-21.034024,-9.8568837
17,1,14,1356258200,-84.556259,-56.977363,-23.604342,-11.014798,-57.344919,-4.5672241,-12.788426,-20.172195,-8.8046532
17,1,15,1433647600,-78.572261,-47.696846,-22.037897,-10.189306,-21.076616,-4.4388688,-8.3010905,-18.453429,-7.5425791
17,1,16,1322553600,-83.288506,-56.843422,-26.035152,-13.194796,-45.324636,-4.5639064,-10.360646,-20.606153,-9.7760123
17,1,17,1354026000,-70.254181,-31.561408,-18.200835,-8.0181019,-14.650276,-4.2149558,-5.9421808,-16.580441,-6.9014634
17,1,18,1299964500,-112.78371,-60.789489,-26.041194,-13.392128,-41.223289,-4.5285833,-10.711414,-19.778762,-8.7120295
17,1,19,1366969200,-77.245607,-25.734627,-16.650215,-7.2862124,-20.037459,-4.116512,-8.9159652,-14.263112,-6.4250856
17,1,20,1484569300,-73.12746,-40.406446,-19.434329,-9.1136299,-28.319844,-4.2953133,-9.3595818,-16.273995,-7.1434275
17,1,21,1446727800,-65.416297,-96.175265,-23.782178,-11.627067,-43.288973,-4.493736,-12.761504,-19.728178,-8.6207213
17,1,22,1233619000,-99.278281,-69.999348,-27.489265,-14.159947,-60.250301,-4.6449638,-12.830549,-21.335004,-10.125684
17,1,23,1233619000,-99.278281,-69.999348,-27.489265,-14.159947,-60.250301,-4.6449638,-12.830549,-21.335004,-10.125684
17,1,24,1233619000,-99.278281,-69.999348,-27.489265,-14.159947,-60.250301,-4.6449638,-12.830549,-21.335004,-10.125684
17,1,25,1233619000,-99.278281,-69.999348,-27.489265,-14.159947,-60.250301,-4.6449638,-12.830549,-21.335004,-10.125684
17,1,26,1233619000,-99.278281,-69.999348,-27.489265,-14.159947,-60.250301,-4.6449638,-12.830549,-21.335004,-10.125684
17,1,27,1233619000,-99.278281,-69.999348,-27.489265,-14.159947,-60.250301,-4.6449638,-12.830549,-21.335004,-10.125684
18,1,1,1472369400,-55.561903,-42.281188,-21.198848,-9.2290068,-56.875579,-4.5074817,-0.18233135,-19.945006,-8.8162057
18,1,2,1632704000,-72.33157,-26.033276,-17.558216,-7.4766818,-16.511797,-4.2206209,-4.8365111,-16.372458,-7.1671055
18,1,3,1739934400,-68.437156,-40.135325,-20.192521,-9.3105335,-13.821289,-4.2849882,-8.8613513,-18.158206,-7.5251998
18,1,4,1733098000,-84.316605,-50.443056,-24.422637,-11.749934,-18.766424,-4.4594873,-11.731529,-20.500145,-9.6867564
18,1,5,1737689500,-98.21077,-57.183153,-27.04059,-14.146128,-25.049092,-4.5664,-13.6495,-20.799195,-9.7810202
18,1,6,1757718100,-70.146573,-62.287639,-22.892411,-10.636457,-24.479743,-4.4988789,-7.3278147,-20.236691,-9.141663
18,1,7,1784711900,-139.22488,-69.526657,-26.730331,-13.781295,-56.125469,-4.4889173,-9.926254,-20.784533,-9.885754
18,1,8,1776229100,-141.29894,-112.58582,-24.725574,-11.79392,-29.258683,-4.4948019,-11.586445,-20.747623,-9.8534778
18,1,9,1655252800,-132.09915,-107.01583,-27.392166,-14.183741,-61.256092,-4.5882513,-11.534441,-21.252429,-10.146321
18,1,10,1548559900,-137.7864,-68.25831,-24.995933,-12.064947,-54.581333,-4.4865986,-11.365054,-20.751858,-9.8552597
18,1,11,1535075500,-154.54247,-74.356149,-25.327905,-12.454677,-47.401594,-4.5027008,-10.197235,-20.816723,-9.6429066
18,1,12,1562154800,-171.38501,-119.90801,-24.958445,-12.109019,-36.947762,-4.6288116,-11.96853,-20.787716,-9.6140764
18,1,13,1358465100,-101.50114,-71.274745,-27.829388,-14.335957,-60.693487,-4.6827353,-13.694915,-21.662068,-10.323947
18,1,14,1355982600,-81.234683,-55.268233,-23.308577,-10.940593,-30.316519,-4.5129749,-12.775373,-19.772718,-8.5729661
18,1,15,1435947600,-77.944034,-35.830398,-21.360916,-10.319032,-28.311365,-4.4513017,-7.4554346,-19.039774,-8.2617838
18,1,16,1320679300,-84.485756,-57.298053,-26.596768,-13.698073,-18.624075,-4.4829743,-13.182087,-20.723729,-9.8742229
18,1,17,1360335300,-69.962925,-37.450491,-19.15002,-8.5405894,-21.395866,-4.330882,-8.4093209,-16.770263,-7.2518179
18,1,18,1284387600,-57.745089,-49.022588,-24.878121,-12.899164,-19.132209,-4.423462,-5.093796,-19.642782,-8.7396892
18,1,19,1365886900,-76.940729,-32.558419,-16.519892,-6.9439201,-19.717231,-4.1041024,-4.461481,-12.538378,-5.865454
18,1,20,1471141300,-70.512325,-34.603766,-16.717882,-6.92287,-28.678127,-4.2632289,-0.30465468,-15.541552,-6.7036209
18,1,21,1466658500,-90.69436,-120.05012,-24.017935,-11.434545,-26.156123,-4.4956617,-11.872667,-19.79335,-8.5668443
18,1,22,1231474700,-73.180109,-56.344303,-26.667201,-13.765701,-59.416053,-4.5452318,-12.554331,-20.884161,-9.8179497
18,1,23,1231474700,-73.180109,-56.344303,-26.667201,-13.765701,-59.416053,-4.5452318,-12.554331,-20.884161,-9.8179497
18,1,24,1231474700,-73.180109,-56.344303,-26.667201,-13.765701,-59.416053,-4.5452318,-12.554331,-20.884161,-9.8179497
18,1,25,1231474700,-73.180109,-56.344303,-26.667201,-13.765701,-59.416053,-4.5452318,-12.554331,-20.884161,-9.8179497
18,1,26,1231474700,-73.180109,-56.344303,-26.667201,-13.765701,-59.416053,-4.5452318,-12.554331,-20.884161,-9.8179497
18,1,27,1231474700,-73.180109,-56.344303,-26.667201,-13.765701,-59.416053,-4.5452318,-12.554331,-20.884161,-9.8179497
19,1,1,1472875500,-55.400625,-43.54621,-24.311843,-12.604474,-19.13129,-4.419522,-0.029789541,-19.743338,-8.8088038
19,1,2,1636039700,-77.565647,-20.357196,-17.399936,-7.1678648,-16.573029,-4.2425143,-5.1755439,-16.470601,-6.9361051
19,1,3,1754311000,-77.809151,-41.443518,-20.812226,-9.7818603,-14.385916,-4.2792297,-9.0323229,-17.513004,-7.5563662
19,1,4,1737032500,-84.316457,-50.766993,-24.61644,-11.868974,-38.363241,-4.533286,-12.144657,-20.578787,-9.6301534
19,1,5,1723595800,-98.21077,-47.558621,-23.535089,-11.10125,-25.902892,-4.5382024,-0.51611589,-20.505014,-9.376572
19,1,6,1813096900,-106.78013,-73.622311,-24.35664,-11.63128,-25.420217,-4.5826514,-7.7163388,-20.664753,-9.3229904
19,1,7,1782673200,-139.18747,-68.027525,-25.219724,-12.308885,-45.828156,-4.4840973,-10.155564,-20.72405,-9.8327051
19,1,8,1777743000,-137.39298,-99.093533,-27.017794,-14.157003,-35.381512,-4.5003802,-11.051574,-20.785716,-9.3581115
19,1,9,1661328200,-128.549,-120.5717,-26.882687,-13.913929,-44.623323,-4.504893,-13.781847,-20.821644,-9.919321
19,1,10,1549356400,-126.43538,-68.43289,-25.325419,-12.403875,-51.875982,-4.5071406,-8.7649515,-20.782563,-9.8297004
19,1,11,1534178600,-155.89877,-75.299389,-25.52433,-12.674572,-37.850377,-4.4994863,-9.6788858,-20.78003,-9.5244631
19,1,12,1561450600,-170.67643,-117.89108,-25.472279,-12.607284,-30.984495,-4.6314307,-11.925897,-20.818007,-9.636343
19,1,13,1356967100,-99.365244,-70.202654,-26.733059,-13.822129,-59.081573,-4.4999292,-11.774291,-20.886459,-9.7375407
19,1,14,1355008800,-80.108912,-52.268452,-24.477933,-12.053483,-21.082431,-4.502044,-7.8776331,-19.852616,-8.687317
19,1,15,1441765300,-78.834797,-45.115913,-21.980317,-10.428439,-25.859842,-4.4358064,-10.35505,-19.050385,-8.2913609
19,1,16,1325909400,-85.642864,-57.677431,-26.682498,-13.777205,-42.947431,-4.4938498,-12.994632,-20.761845,-9.8507932
19,1,17,1358445100,-68.325294,-36.354899,-19.103439,-8.5994563,-22.802218,-4.3462243,-5.4506188,-16.821,-7.2501377
19,1,18,1305827500,-71.165177,-50.890192,-25.381653,-13.183941,-56.746701,-4.4834851,-12.6454,-19.696524,-8.7845534
19,1,19,1382364100,-71.567951,-24.729778,-17.920766,-7.8529813,-19.582556,-4.2506843,-7.9533903,-18.797994,-8.2970756
19,1,20,1480683300,-78.140404,-41.477885,-20.813148,-10.182652,-19.338805,-4.2591123,-8.9965325,-16.717786,-7.310898
19,1,21,1458196900,-75.163662,-54.756979,-25.130796,-12.791849,-42.07819,-4.4833096,-9.0857845,-19.940722,-8.7733742
19,1,22,1246684800,-98.113349,-69.209645,-26.963811,-13.886466,-31.305056,-4.5390529,-13.549408,-20.9931,-10.001401
19,1,23,1246684800,-98.113349,-69.209645,-26.963811,-13.886466,-31.305056,-4.5390529,-13.549408,-20.9931,-10.001401
19,1,24,1246684800,-98.113349,-69.209645,-26.963811,-13.886466,-31.305056,-4.5390529,-13.549408,-20.9931,-10.001401
19,1,25,1246684800,-98.113349,-69.209645,-26.963811,-13.886466,-31.305056,-4.5390529,-13.549408,-20.9931,-10.001401
19,1,26,1246684800,-98.113349,-69.209645,-26.963811,-13.886466,-31.305056,-4.5390529,-13.549408,-20.9931,-10.001401
19,1,27,1246684800,-98.113349,-69.209645,-26.963811,-13.886466,-31.305056,-4.5390529,-13.549408,-20.9931,-10.001401
20,1,1,1491663200,-94.269266,-64.20937,-23.142255,-10.500926,-48.692583,-4.5139381,-5.9658297,-20.27695,-9.0228862
20,1,2,1632275900,-72.218764,-25.927713,-17.513703,-7.4180913,-16.47229,-4.2124735,-4.8249092,-16.268208,-6.8613543
20,1,3,1748595200,-73.812783,-41.037907,-20.453475,-9.5273235,-14.315431,-4.2764124,-9.1248527,-17.84395,-7.8219884
20,1,4,1736833400,-84.302281,-52.714523,-26.680528,-13.929639,-26.483214,-4.4754534,-7.6969044,-20.620231,-9.7528019
20,1,5,1737082500,-98.307899,-48.55916,-23.965632,-11.333693,-58.231732,-4.5164634,-8.4364923,-20.668798,-9.7854955
20,1,6,1814316700,-106.73353,-62.375647,-24.956457,-12.266426,-27.656067,-4.5749372,-8.146378,-20.071453,-8.78274
20,1,7,1782291800,-136.20426,-68.148833,-27.192374,-14.227293,-47.271427,-4.4948948,-9.9869126,-20.765888,-9.8652007
20,1,8,1772827800,-134.93257,-103.6464,-25.747743,-12.846998,-33.730591,-4.4911482,-9.5128691,-20.860578,-9.5789631
20,1,9,1660778200,-128.549,-120.32413,-26.789753,-13.820995,-27.953634,-4.504893,-12.5454,-20.804099,-9.9017764
20,1,10,1552774600,-132.6575,-74.270239,-27.202541,-14.25083,-30.354632,-4.5161411,-12.791021,-20.752775,-9.8569948
20,1,11,1533703400,-156.92768,-75.849822,-24.459633,-11.602126,-29.625359,-4.5043039,-11.642716,-20.739073,-9.7759257
20,1,12,1563728800,-172.04834,-121.91097,-25.550467,-12.681278,-39.993988,-4.633323,-11.311428,-20.808153,-9.6516994
20,1,13,1359249500,-98.490815,-69.617641,-27.321519,-14.079423,-60.954795,-4.6016963,-7.7431849,-21.351533,-10.060818
20,1,14,1357659800,-81.96658,-54.384588,-23.518915,-11.074586,-45.227576,-4.5189807,-8.0038298,-19.585729,-8.4147382
20,1,15,1442971900,-78.843828,-44.588479,-22.422484,-10.839185,-26.134637,-4.4686925,-10.405271,-19.152877,-8.2054691
20,1,16,1327503800,-91.520704,-63.451499,-26.800412,-13.777983,-58.678256,-4.5135377,-10.98303,-20.921375,-9.9656212
20,1,17,1359721100,-68.909529,-39.836263,-19.404922,-8.692489,-19.055215,-4.2776028,-6.2642846,-16.721675,-7.2360598
20,1,18,1301028600,-91.424756,-64.013344,-23.81922,-11.443779,-19.465355,-4.4245768,-6.0136967,-19.562661,-8.5538812
20,1,19,1378963400,-71.567951,-25.375339,-17.227322,-7.6066846,-19.575008,-4.1355306,-7.2529853,-16.424976,-6.9926931
20,1,20,1486867900,-85.985337,-39.908447,-19.003696,-8.2390345,-14.499577,-4.2875814,-8.6082789,-16.61523,-6.990608
20,1,21,1468180400,-73.548243,-158.09044,-24.990887,-12.413799,-40.474025,-4.4876252,-6.8846148,-20.368598,-9.0925907
20,1,22,1246057600,-74.448134,-56.787217,-26.835967,-13.863909,-59.618771,-4.5418848,-13.409418,-20.996803,-9.9943854
20,1,23,1246057600,-74.448134,-56.787217,-26.835967,-13.863909,-59.618771,-4.5418848,-13.409418,-20.996803,-9.9943854
20,1,24,1246057600,-74.448134,-56.787217,-26.835967,-13.863909,-59.618771,-4.5418848,-13.409418,-20.996803,-9.9943854
20,1,25,1246057600,-74.448134,-56.787217,-26.835967,-13.863909,-59.618771,-4.5418848,-13.409418,-20.996803,-9.9943854
20,1,26,1246057600,-74.448134,-56.787217,-26.835967,-13.863909,-59.618771,-4.5418848,-13.409418,-20.996803,-9.9943854
20,1,27,1246057600,-74.448134,-56.787217,-26.835967,-13.863909,-59.618771,-4.5418848,-13.409418,-20.996803,-9.9943854
21,1,1,1494021300,-77.019302,-48.919652,-23.910705,-11.506592,-40.159115,-4.4992952,-12.149785,-20.146912,-8.9550757
21,1,2,1632491700,-72.273648,-25.970723,-17.558252,-7.450469,-16.491934,-4.2180835,-4.8301641,-16.276719,-6.8627373
21,1,3,1744120400,-70.734982,-40.852565,-20.394342,-9.4663885,-14.417397,-4.2764465,-9.1938117,-17.791581,-7.307609
21,1,4,1738151500,-84.303871,-51.755177,-25.691505,-13.118261,-33.950325,-4.5376285,-12.628784,-20.582184,-9.4895553
21,1,5,1739130600,-97.834986,-54.767597,-23.89822,-11.091205,-30.224741,-4.578577,-6.7780226,-20.643234,-9.6900948
21,1,6,1812362100,-101.35336,-40.403567,-23.582021,-11.545952,-33.659877,-4.5259704,-9.7669914,-19.862098,-8.712655
21,1,7,1781069800,-135.63645,-67.80502,-26.176603,-13.258652,-40.915682,-4.4870058,-13.3945,-20.725946,-9.8367082
21,1,8,1777160500,-139.0364,-107.03801,-25.759332,-12.812636,-31.840475,-4.5077722,-11.400456,-20.787087,-9.7594678
21,1,9,1663980100,-128.549,-120.43252,-26.712838,-13.74876,-58.275722,-4.5028712,-12.558367,-20.82714,-9.9207077
21,1,10,1551965700,-128.65162,-70.183271,-26.010778,-13.09383,-46.554617,-4.4881924,-9.6961118,-20.752339,-9.8322868
21,1,11,1537001000,-154.24972,-71.86726,-26.834182,-13.968711,-33.710091,-4.5025948,-12.008616,-20.851089,-9.6291842
21,1,12,1563858300,-171.93801,-121.87117,-25.201401,-12.310178,-38.026677,-4.6435263,-12.248686,-20.792849,-9.7118462
21,1,13,1362136300,-100.52744,-70.781947,-27.30177,-14.078638,-60.05552,-4.5922486,-13.732776,-21.358933,-10.062338
21,1,14,1358213800,-81.055,-53.611346,-22.858677,-10.490275,-34.298306,-4.5073299,-10.097904,-19.405922,-8.2699051
21,1,15,1443922400,-75.896467,-46.207222,-21.812842,-10.231685,-32.367045,-4.4440363,-6.722291,-19.110072,-8.3082481
21,1,16,1325578500,-79.014186,-54.810744,-26.320472,-13.426575,-58.777792,-4.4969727,-11.85752,-20.82514,-9.907028
21,1,17,1359519600,-69.197068,-35.035359,-18.831665,-8.3470981,-18.806255,-4.2742094,-8.2090744,-17.061046,-6.9661192
21,1,18,1298156100,-74.479802,-45.911617,-24.625608,-13.074551,-20.165981,-4.4177801,-5.9308666,-17.427527,-7.5122074
21,1,19,1375217300,-71.567951,-34.96233,-16.551005,-6.8718267,-19.374454,-4.1262803,-1.2324856,-13.914724,-6.3555147
21,1,20,1500282000,-80.248794,-43.435252,-21.198487,-10.259648,-21.192706,-4.3511382,-9.7306069,-17.494494,-7.56873
21,1,21,1531957500,-151.4915,-59.583207,-24.778621,-12.014894,-22.240513,-4.4869557,-10.072684,-20.56221,-9.2373912
21,1,22,1247037600,-84.788402,-57.785762,-27.067563,-13.948323,-59.289523,-4.5643784,-4.4581446,-21.092064,-10.031392
21,1,23,1247037600,-84.788402,-57.785762,-27.067563,-13.948323,-59.289523,-4.5643784,-4.4581446,-21.092064,-10.031392
21,1,24,1247037600,-84.788402,-57.785762,-27.067563,-13.948323,-59.289523,-4.5643784,-4.4581446,-21.092064,-10.031392
21,1,25,1247037600,-84.788402,-57.785762,-27.067563,-13.948323,-59.289523,-4.5643784,-4.4581446,-21.092064,-10.031392
21,1,26,1247037600,-84.788402,-57.785762,-27.067563,-13.948323,-59.289523,-4.5643784,-4.4581446,-21.092064,-10.031392
21,1,27,1247037600,-84.788402,-57.785762,-27.067563,-13.948323,-59.289523,-4.5643784,-4.4581446,-21.092064,-10.031392
22,1,1,1484253700,-71.13028,-47.216468,-22.28853,-10.243519,-16.913187,-4.3833894,-3.3275201,-19.699097,-8.8661851
22,1,2,1631775600,-71.770074,-25.4707,-17.367388,-7.3268901,-16.504372,-4.2100383,-4.8132328,-16.31903,-6.9861914
22,1,3,1755147600,-78.338307,-41.225599,-20.756481,-9.667143,-14.508669,-4.2816164,-8.8737487,-17.836118,-7.7360699
22,1,4,1744781500,-84.253087,-52.395397,-26.311627,-13.630167,-28.491421,-4.5242772,-12.945372,-20.674938,-9.8126881
22,1,5,1736240900,-91.308111,-53.815244,-26.123977,-13.425224,-32.773345,-4.5347831,-7.5061209,-20.426463,-9.1570091
22,1,6,1804315900,-99.967352,-74.623813,-23.909642,-11.428164,-17.762976,-4.4994198,-7.7295229,-20.058738,-8.8601854
22,1,7,1780000500,-133.44881,-67.536108,-27.127259,-14.176217,-45.065634,-4.4919401,-10.297453,-20.747962,-9.8538172
22,1,8,1776677500,-137.58356,-103.2156,-26.655678,-13.783522,-32.966198,-4.5010787,-10.460815,-20.877826,-9.5976692
22,1,9,1678111700,-174.16326,-133.99569,-27.766003,-14.329218,-62.145502,-4.6652224,-8.9236205,-21.592342,-10.302842
22,1,10,1558503600,-127.77401,-68.881723,-25.450364,-12.53379,-45.116965,-4.4901174,-12.296684,-20.732178,-9.8378035
22,1,11,1535808100,-154.477,-74.385358,-26.113751,-13.218197,-28.743289,-4.5037093,-12.09382,-20.795251,-9.7358492
22,1,12,1568160700,-171.93672,-123.47095,-25.953031,-13.057142,-42.96791,-4.6459068,-11.615345,-20.815675,-9.7439295
22,1,13,1361815600,-99.715405,-70.402553,-27.032471,-13.96076,-59.512234,-4.5427556,-12.653126,-21.116624,-9.9413601
22,1,14,1356515900,-81.679833,-53.79893,-23.120747,-10.707056,-19.714451,-4.4640399,-8.758102,-19.717713,-8.5925716
22,1,15,1439363900,-76.87365,-38.365707,-21.390479,-10.177378,-24.619082,-4.4589207,-7.2643429,-19.19729,-8.2741518
22,1,16,1325248700,-83.850084,-57.270092,-26.430679,-13.544786,-53.252409,-4.486952,-7.6767641,-20.729099,-9.8376974
22,1,17,1360187900,-68.853825,-36.47114,-19.028457,-8.4252272,-20.772426,-4.3438808,-6.5206517,-16.905016,-6.9406316
22,1,18,1313398100,-79.195248,-50.391161,-24.856885,-12.510842,-26.846653,-4.4859313,-5.1769639,-19.460808,-8.5389821
22,1,19,1386286500,-71.567951,-25.559275,-17.017852,-7.4363351,-19.375673,-4.1684461,-7.1492586,-16.526926,-7.1385478
22,1,20,1495592700,-80.248794,-39.271119,-18.512868,-7.7737927,-21.11125,-4.2577739,-9.7914605,-16.705956,-6.9000691
22,1,21,1472548800,-73.977792,-66.834199,-23.998759,-11.746729,-29.267339,-4.4762819,-7.5902802,-20.049695,-8.8308882
22,1,22,1248451100,-77.564599,-56.76066,-26.805461,-13.846696,-58.745053,-4.5532277,-12.274735,-20.969213,-9.9751669
22,1,23,1248451100,-77.564599,-56.76066,-26.805461,-13.846696,-58.745053,-4.5532277,-12.274735,-20.969213,-9.9751669
22,1,24,1248451100,-77.564599,-56.76066,-26.805461,-13.846696,-58.745053,-4.5532277,-12.274735,-20.969213,-9.9751669
22,1,25,1248451100,-77.564599,-56.76066,-26.805461,-13.846696,-58.745053,-4.5532277,-12.274735,-20.969213,-9.9751669
22,1,26,1248451100,-77.564599,-56.76066,-26.805461,-13.846696,-58.745053,-4.5532277,-12.274735,-20.969213,-9.9751669
22,1,27,1248451100,-77.564599,-56.76066,-26.805461,-13.846696,-58.745053,-4.5532277,-12.274735,-20.969213,-9.9751669
23,1,1,1489211600,-71.076075,-45.540435,-21.499214,-9.8156515,-38.400171,-4.466941,-5.1502734,-19.203871,-8.3144953
23,1,2,1631780500,-71.84185,-25.642865,-17.410979,-7.3510211,-16.458708,-4.2137215,-4.799676,-16.305444,-7.009495
23,1,3,1743748300,-70.383507,-40.874322,-20.386746,-9.5090018,-14.550788,-4.2734638,-9.1938846,-17.744706,-7.7512322
23,1,4,1744007000,-84.253232,-50.719519,-24.612291,-12.084532,-50.010797,-4.5337752,-7.8745578,-20.533319,-9.5849681
23,1,5,1742330400,-97.830174,-56.563972,-25.895269,-13.066925,-33.442404,-4.5547626,-6.9015292,-20.733877,-9.4773188
23,1,6,1810827500,-100.45151,-63.76108,-24.018803,-11.385944,-26.039531,-4.5542509,-8.6300006,-19.855183,-8.5826203
23,1,7,1761503600,-111.93864,-62.889198,-26.406983,-13.482348,-26.595968,-4.4886084,-9.0285899,-20.723533,-9.8342951
23,1,8,1775829500,-133.31265,-97.331903,-26.667342,-13.794518,-36.574424,-4.5133443,-10.885688,-20.883561,-9.5720933
23,1,9,1683500200,-179.49826,-134.26495,-26.857522,-13.91584,-31.659142,-4.4880871,-13.537965,-20.781176,-9.8908479
23,1,10,1558707000,-131.32447,-72.614641,-27.223523,-14.271812,-27.230029,-4.494769,-11.138283,-20.753359,-9.8575787
23,1,11,1537304600,-156.60197,-75.930703,-25.988868,-13.125068,-36.772244,-4.5012887,-11.918551,-20.821576,-9.5809019
23,1,12,1565049500,-171.64263,-123.04826,-24.627059,-11.720474,-38.176233,-4.648571,-11.847837,-20.73757,-9.7937367
23,1,13,1362099300,-98.916298,-69.963028,-26.792568,-13.806094,-49.341139,-4.5111222,-13.510163,-20.969159,-9.8699889
23,1,14,1361370700,-82.885591,-55.027223,-23.976592,-11.366184,-36.585379,-4.5421059,-9.3663164,-19.883933,-8.7112584
23,1,15,1445860700,-78.619208,-46.908969,-22.143453,-10.494679,-29.919579,-4.4484953,-8.3693669,-19.01889,-8.2539791
23,1,16,1327024800,-84.805462,-57.187655,-26.375998,-13.448173,-32.868545,-4.4913508,-13.093486,-20.767251,-9.8889172
23,1,17,1362235900,-68.601694,-36.875938,-19.419951,-8.7849744,-20.659406,-4.34343,-6.7610932,-16.967393,-7.3404633
23,1,18,1316378200,-79.195248,-46.707391,-24.052909,-12.29793,-55.678502,-4.5096534,-12.289142,-18.725221,-8.2674405
23,1,19,1385318800,-71.567951,-25.62835,-16.878613,-7.4201433,-19.372402,-4.1554854,-7.023833,-15.867224,-7.0224345
23,1,20,1494801600,-80.487448,-38.856849,-18.617301,-7.9818041,-21.154366,-4.2633395,-8.4689255,-16.69859,-7.3014825
23,1,21,1472717000,-74.065349,-90.072576,-23.594144,-11.323158,-29.326837,-4.4653865,-7.5904578,-19.366794,-8.2192921
23,1,22,1248145700,-88.696512,-61.550632,-27.152465,-13.994791,-59.203728,-4.5792059,-4.6169212,-21.167193,-10.069962
23,1,23,1248145700,-88.696512,-61.550632,-27.152465,-13.994791,-59.203728,-4.5792059,-4.6169212,-21.167193,-10.069962
23,1,24,1248145700,-88.696512,-61.550632,-27.152465,-13.994791,-59.203728,-4.5792059,-4.6169212,-21.167193,-10.069962
23,1,25,1248145700,-88.696512,-61.550632,-27.152465,-13.994791,-59.203728,-4.5792059,-4.6169212,-21.167193,-10.069962
23,1,26,1248145700,-88.696512,-61.550632,-27.152465,-13.994791,-59.203728,-4.5792059,-4.6169212,-21.167193,-10.069962
23,1,27,1248145700,-88.696512,-61.550632,-27.152465,-13.994791,-59.203728,-4.5792059,-4.6169212,-21.167193,-10.069962
24,1,1,1493764700,-71.055952,-49.10613,-24.076396,-11.657858,-20.14143,-4.4462363,-9.7585898,-20.177355,-9.1455083
24,1,2,1630619900,-70.878313,-25.372751,-17.251919,-7.2504748,-16.284521,-4.2042786,-4.7835017,-16.309943,-6.9888007
24,1,3,1754537200,-77.655349,-41.455628,-20.787194,-9.663913,-14.519751,-4.2829133,-9.1425135,-17.860558,-7.3542805
24,1,4,1742323600,-84.264307,-51.244334,-25.157261,-12.685356,-28.224032,-4.5530068,-7.0001077,-20.56002,-9.7165651
24,1,5,1729525800,-84.492671,-50.431257,-23.871147,-11.332218,-24.669701,-4.5399155,-8.7930265,-20.534971,-9.5352612
24,1,6,1815800300,-98.744939,-57.74086,-24.500222,-11.910189,-26.214601,-4.557467,-12.097799,-20.269464,-8.9873147
24,1,7,1785161300,-139.29354,-68.778655,-27.248113,-14.292726,-48.130162,-4.4930734,-10.167342,-20.756016,-9.8610535
24,1,8,1775267300,-134.05762,-98.838545,-25.81447,-12.862759,-35.823351,-4.4935118,-10.967938,-20.7877,-9.7623033
24,1,9,1686432100,-178.39625,-129.36563,-27.945403,-14.415678,-62.259063,-4.6850456,-10.469832,-21.722665,-10.359579
24,1,10,1559123200,-127.74644,-68.766241,-24.732337,-11.779623,-59.235734,-4.4875187,-11.577339,-20.755465,-9.8547772
24,1,11,1535793800,-154.63919,-71.5066,-25.912477,-13.048677,-31.496329,-4.5004764,-11.530463,-20.812883,-9.5820553
24,1,12,1567227400,-172.82891,-124.25904,-25.626391,-12.725013,-39.562865,-4.6470288,-11.785696,-20.774317,-9.7416889
24,1,13,1363533900,-100.84697,-70.901351,-27.819326,-14.328448,-60.467747,-4.6798583,-12.63786,-21.648884,-10.313964
24,1,14,1358491500,-81.623546,-52.172105,-23.248315,-10.837921,-25.489749,-4.5179506,-9.4171673,-19.553327,-8.3756719
24,1,15,1450032700,-76.843631,-45.165367,-22.032332,-10.485662,-29.202614,-4.4488002,-10.016288,-19.064517,-8.2897428
24,1,16,1330095800,-95.04154,-66.315661,-26.90465,-13.874795,-58.371192,-4.5144294,-8.1969803,-20.921626,-9.9591164
24,1,17,1363435200,-69.185412,-40.812843,-19.643029,-8.6902454,-20.101395,-4.3379651,-8.6036654,-17.077701,-7.0250334
24,1,18,1318111300,-79.133167,-50.124008,-24.801328,-12.760775,-48.383751,-4.499754,-7.3593965,-19.304943,-8.5627255
24,1,19,1385527400,-71.567951,-25.780824,-16.902755,-7.4168815,-19.374289,-4.1545025,-7.1412535,-15.797555,-7.0077613
24,1,20,1494856800,-81.023969,-39.099092,-18.787927,-8.0855872,-21.247215,-4.2588616,-7.6337634,-16.686958,-6.9183696
24,1,21,1474831200,-74.071719,-85.580369,-24.731619,-12.254404,-29.369581,-4.4816529,-8.650888,-19.502087,-8.3484047
24,1,22,1249289100,-89.777259,-62.84202,-26.822708,-13.834282,-54.803841,-4.5274543,-7.843484,-20.933254,-9.9651827
24,1,23,1249289100,-89.777259,-62.84202,-26.822708,-13.834282,-54.803841,-4.5274543,-7.843484,-20.933254,-9.9651827
24,1,24,1249289100,-89.777259,-62.84202,-26.822708,-13.834282,-54.803841,-4.5274543,-7.843484,-20.933254,-9.9651827
24,1,25,1249289100,-89.777259,-62.84202,-26.822708,-13.834282,-54.803841,-4.5274543,-7.843484,-20.933254,-9.9651827
24,1,26,1249289100,-89.777259,-62.84202,-26.822708,-13.834282,-54.803841,-4.5274543,-7.843484,-20.933254,-9.9651827
24,1,27,1249289100,-89.777259,-62.84202,-26.822708,-13.834282,-54.803841,-4.5274543,-7.843484,-20.933254,-9.9651827
25,1,1,1494442600,-71.055952,-47.112824,-21.751816,-9.4124594,-56.692066,-4.5052783,-6.2533732,-20.173001,-9.0208101
25,1,2,1631874300,-71.867021,-25.782938,-17.416419,-7.3426145,-16.421217,-4.2190385,-4.8185767,-16.309245,-6.9737383
25,1,3,1754536800,-77.713893,-41.41622,-20.747593,-9.6660773,-14.503197,-4.2809713,-9.092995,-17.853798,-7.7516663
25,1,4,1745102900,-84.275263,-50.722423,-24.593343,-12.091676,-42.568494,-4.5333063,-10.595905,-20.562467,-9.6762607
25,1,5,1742310600,-93.733449,-53.564431,-23.805011,-11.058729,-57.207323,-4.5567901,-7.4390071,-20.675268,-9.404664
25,1,6,1812806100,-98.881355,-57.760681,-24.078652,-11.49047,-27.307958,-4.5549335,-9.5213593,-20.021541,-8.7410221
25,1,7,1782823000,-139.3001,-68.12018,-25.486002,-12.577746,-43.596606,-4.4837571,-10.137415,-20.720943,-9.8317051
25,1,8,1776814600,-133.98667,-98.810855,-27.289496,-14.337785,-35.892147,-4.494504,-10.960104,-20.86585,-9.8127515
25,1,9,1685799100,-178.38836,-130.54122,-26.807133,-13.882587,-59.954433,-4.4942792,-10.549499,-21.120014,-9.7083373
25,1,10,1558856700,-127.84414,-68.695299,-24.520081,-11.640004,-55.040672,-4.4874771,-11.228266,-20.74843,-9.8477426
25,1,11,1536850100,-154.62352,-71.315831,-25.419149,-12.558358,-40.307391,-4.50035,-11.953353,-20.810647,-9.5933864
25,1,12,1567606100,-171.29038,-122.76897,-25.22389,-12.319002,-41.853379,-4.6481639,-12.006509,-20.765808,-9.7513511
25,1,13,1362781800,-99.409766,-70.320698,-26.993781,-13.958394,-55.729637,-4.5279934,-13.565221,-20.942496,-9.9747656
25,1,14,1360902200,-85.509302,-57.333343,-23.760797,-11.168556,-27.293923,-4.5389659,-9.8356766,-19.599659,-8.5105997
25,1,15,1450180400,-76.839773,-44.651611,-22.126467,-10.474319,-29.122363,-4.4554172,-9.982325,-19.423975,-8.5057033
25,1,16,1329006900,-80.076502,-55.512713,-26.43394,-13.510575,-58.382454,-4.498762,-13.223355,-20.780351,-9.8555658
25,1,17,1366565400,-70.034664,-44.173877,-20.526546,-9.3779937,-18.826978,-4.3172106,-8.4063899,-17.296667,-7.1913143
25,1,18,1318045700,-79.115372,-51.188495,-25.279655,-12.9341,-19.893812,-4.439266,-12.553938,-19.927441,-8.8802406
25,1,19,1384921700,-71.567951,-27.232606,-16.815733,-7.2936557,-19.375651,-4.1534728,-6.8104135,-15.495655,-6.9448506
25,1,20,1494665200,-80.503566,-38.98306,-18.562343,-7.8793142,-21.155975,-4.257738,-8.4448273,-16.697454,-6.9472114
25,1,21,1472744100,-74.366566,-75.024699,-23.78661,-11.574996,-29.272027,-4.4701179,-7.6525074,-19.444177,-8.2893648
25,1,22,1252530700,-98.50156,-69.685646,-27.745327,-14.291052,-61.241105,-4.6754654,-13.213826,-21.626967,-10.295018
25,1,23,1252530700,-98.50156,-69.685646,-27.745327,-14.291052,-61.241105,-4.6754654,-13.213826,-21.626967,-10.295018
25,1,24,1252530700,-98.50156,-69.685646,-27.745327,-14.291052,-61.241105,-4.6754654,-13.213826,-21.626967,-10.295018
25,1,25,1252530700,-98.50156,-69.685646,-27.745327,-14.291052,-61.241105,-4.6754654,-13.213826,-21.626967,-10.295018
25,1,26,1252530700,-98.50156,-69.685646,-27.745327,-14.291052,-61.241105,-4.6754654,-13.213826,-21.626967,-10.295018
25,1,27,1252530700,-98.50156,-69.685646,-27.745327,-14.291052,-61.241105,-4.6754654,-13.213826,-21.626967,-10.295018
26,1,1,1494004500,-76.481518,-50.448137,-21.991522,-9.7558494,-27.562986,-4.4836336,-6.2088635,-19.982511,-8.8724733
26,1,2,1630553700,-70.819118,-25.276675,-17.139831,-7.2005417,-16.391415,-4.2032895,-4.7871967,-16.278483,-7.146862
26,1,3,1751721300,-75.811196,-41.247584,-20.573853,-9.5741759,-14.45048,-4.2779328,-9.1537597,-17.872859,-7.8014236
26,1,4,1746449400,-84.276829,-52.244282,-26.199537,-13.655808,-35.527372,-4.5589354,-8.7567398,-20.609794,-9.7076466
26,1,5,1745012300,-96.528064,-55.753574,-24.382814,-11.545823,-30.390812,-4.5559796,-7.042409,-20.728335,-9.5819534
26,1,6,1812456500,-99.055823,-58.001808,-23.984382,-11.39542,-29.71158,-4.5549523,-8.1411271,-19.978093,-8.705827
26,1,7,1771563000,-118.57783,-64.702728,-27.097009,-14.163714,-55.347001,-4.4965167,-9.3686777,-20.756302,-9.8572504
26,1,8,1777435800,-137.54586,-105.53056,-26.237239,-13.320421,-32.97975,-4.4980552,-11.305325,-20.819535,-9.7208865
26,1,9,1681004600,-164.08667,-128.19274,-27.752298,-14.316151,-61.119766,-4.6534693,-10.582222,-21.571356,-10.284586
26,1,10,1561874900,-134.7468,-75.504919,-25.784744,-12.806292,-58.150284,-4.5074399,-11.941274,-20.820136,-9.8831221
26,1,11,1535610500,-154.66431,-71.946838,-25.15739,-12.295244,-34.88901,-4.5018997,-11.564731,-20.800453,-9.6015099
26,1,12,1566128400,-171.90776,-123.27818,-25.180535,-12.274463,-38.382956,-4.6485898,-11.950391,-20.769121,-9.7478772
26,1,13,1363371500,-100.18288,-70.600393,-27.469409,-14.203051,-59.611704,-4.6064866,-13.627898,-21.303745,-10.146999
26,1,14,1360449100,-82.656357,-52.363982,-23.657779,-11.09377,-27.795105,-4.5407862,-9.5621146,-19.771153,-8.548719
26,1,15,1449581100,-76.838544,-44.674754,-21.982271,-10.450474,-28.944356,-4.4742465,-9.9390695,-19.032485,-8.0947672
26,1,16,1330057000,-87.529502,-58.748293,-26.627345,-13.704047,-45.380607,-4.4958411,-13.287366,-20.723385,-9.8314212
26,1,17,1366008400,-70.008661,-42.978221,-20.383073,-9.3395205,-18.847221,-4.2927635,-8.3435507,-17.271364,-7.4181932
26,1,18,1319099600,-79.108926,-51.09895,-25.237317,-12.959851,-33.414387,-4.4635447,-6.7315961,-19.738228,-8.7652037
26,1,19,1385458500,-71.567951,-26.045567,-16.886182,-7.3897144,-19.374516,-4.1511002,-7.1216326,-15.734596,-6.9981909
26,1,20,1503196400,-81.10968,-38.350695,-19.234389,-8.8134103,-23.11685,-4.247458,-0.91000316,-16.318858,-7.1935599
26,1,21,1502207600,-105.68358,-84.240676,-26.093941,-13.318732,-27.333523,-4.4921635,-8.5694267,-20.07243,-8.6951623
26,1,22,1251474400,-98.324028,-69.571388,-27.734786,-14.28949,-60.333411,-4.6755058,-6.9471443,-21.620035,-10.291598
26,1,23,1251474400,-98.324028,-69.571388,-27.734786,-14.28949,-60.333411,-4.6755058,-6.9471443,-21.620035,-10.291598
26,1,24,1251474400,-98.324028,-69.571388,-27.734786,-14.28949,-60.333411,-4.6755058,-6.9471443,-21.620035,-10.291598
26,1,25,1251474400,-98.324028,-69.571388,-27.734786,-14.28949,-60.333411,-4.6755058,-6.9471443,-21.620035,-10.291598
26,1,26,1251474400,-98.324028,-69.571388,-27.734786,-14.28949,-60.333411,-4.6755058,-6.9471443,-21.620035,-10.291598
26,1,27,1251474400,-98.324028,-69.571388,-27.734786,-14.28949,-60.333411,-4.6755058,-6.9471443,-21.620035,-10.291598
27,1,1,1497303200,-71.055987,-48.806166,-23.854692,-11.720158,-36.216685,-4.4939838,-11.105875,-19.711744,-8.6233118
27,1,2,1630813100,-71.0389,-25.394997,-17.248239,-7.2320857,-16.402867,-4.2070072,-4.7936184,-16.259955,-6.8519374
27,1,3,1752150800,-76.062186,-41.330685,-20.596225,-9.5870866,-14.533902,-4.2792532,-9.1343758,-17.86398,-7.7979206
27,1,4,1745641200,-84.282175,-50.136259,-23.987466,-11.274153,-21.37388,-4.5708083,-12.702101,-20.507047,-9.6997403
27,1,5,1747939000,-96.968372,-52.462996,-25.522076,-12.806534,-33.881418,-4.5614192,-8.1253535,-20.411758,-9.1100039
27,1,6,1812136300,-99.184127,-38.213579,-22.836181,-10.914351,-32.530086,-4.4997249,-4.5769795,-19.661868,-8.5203854
27,1,7,1773326100,-122.2454,-65.275367,-26.869026,-13.918987,-33.05337,-4.4931052,-13.436643,-20.745988,-9.8526609
27,1,8,1775640400,-134.05762,-98.84572,-26.119896,-13.203185,-35.823271,-4.4904039,-10.967938,-20.819931,-9.7173868
27,1,9,1671330800,-132.24256,-126.92638,-27.772028,-14.33102,-61.56268,-4.6680286,-13.431484,-21.601809,-10.309854
27,1,10,1559983500,-133.4652,-72.48448,-25.253662,-12.355768,-43.042335,-4.5002694,-11.112534,-20.725695,-9.7460572
27,1,11,1536220600,-156.54312,-75.81147,-25.474157,-12.611814,-33.290534,-4.5016644,-11.630599,-20.814643,-9.5970268
27,1,12,1571642000,-172.91556,-124.37602,-25.346821,-12.441883,-44.735521,-4.6490286,-12.82167,-20.776887,-9.7489763
27,1,13,1362923800,-99.653406,-70.411527,-27.125541,-14.015724,-57.512445,-4.5548385,-13.174793,-21.005103,-9.9735146
27,1,14,1359599500,-82.822193,-54.633768,-23.39838,-10.910168,-24.667359,-4.5156089,-9.6661576,-19.635658,-8.5501726
27,1,15,1449928500,-76.842995,-44.697239,-22.026656,-10.477727,-29.170749,-4.4525435,-10.00884,-19.096348,-8.1812293
27,1,16,1330292900,-83.575727,-56.532115,-25.854006,-12.913547,-54.882581,-4.4979245,-12.712192,-20.748092,-9.8449507
27,1,17,1362436800,-64.748912,-35.51612,-18.720566,-8.3247573,-26.333055,-4.3656176,-4.8516623,-17.222012,-7.4291101
27,1,18,1320087200,-79.106595,-51.637009,-25.533062,-12.997155,-25.81533,-4.4989336,-12.683677,-20.00618,-8.893885
27,1,19,1383824800,-71.567951,-29.660747,-16.55419,-7.1102052,-19.371826,-4.148262,-5.7997355,-14.960216,-6.7639469
27,1,20,1511342100,-81.10968,-38.43319,-18.729595,-8.207601,-23.122439,-4.248554,-8.5711731,-16.419587,-6.8701734
27,1,21,1491579200,-94.011256,-96.698712,-23.872111,-11.353108,-29.903302,-4.4703472,-8.1312766,-19.738619,-8.6100513
27,1,22,1254601600,-97.497637,-68.934759,-26.647945,-13.753564,-58.474578,-4.5267151,-13.256282,-20.789526,-9.2974025
27,1,23,1254601600,-97.497637,-68.934759,-26.647945,-13.753564,-58.474578,-4.5267151,-13.256282,-20.789526,-9.2974025
27,1,24,1254601600,-97.497637,-68.934759,-26.647945,-13.753564,-58.474578,-4.5267151,-13.256282,-20.789526,-9.2974025
27,1,25,1254601600,-97.497637,-68.934759,-26.647945,-13.753564,-58.474578,-4.5267151,-13.256282,-20.789526,-9.2974025
27,1,26,1254601600,-97.497637,-68.934759,-26.647945,-13.753564,-58.474578,-4.5267151,-13.256282,-20.789526,-9.2974025
27,1,27,1254601600,-97.497637,-68.934759,-26.647945,-13.753564,-58.474578,-4.5267151,-13.256282,-20.789526,-9.2974025
28,1,1,1496431400,-71.055994,-49.206499,-24.183064,-11.795218,-35.786298,-4.5007409,-6.2578343,-20.059951,-8.9140922
28,1,2,1630589200,-70.859537,-25.263912,-17.187617,-7.1899053,-16.379678,-4.207801,-4.7861206,-16.272752,-6.8616386
28,1,3,1751880100,-75.75194,-41.345108,-20.607157,-9.6178282,-14.801734,-4.2798992,-9.0824795,-17.810242,-7.7591668
28,1,4,1752436000,-84.281884,-51.324526,-25.255826,-12.780574,-57.215648,-4.5572687,-8.339063,-20.508268,-9.3188741
28,1,5,1747484300,-95.626209,-55.111995,-25.660787,-12.825735,-27.061003,-4.5554305,-7.8778877,-20.739886,-9.5167908
28,1,6,1822414000,-99.184127,-74.752023,-24.379579,-11.754785,-28.484854,-4.556569,-12.196282,-19.957213,-8.6908543
28,1,7,1781768700,-132.0851,-67.05266,-26.923191,-14.005241,-38.764477,-4.4911059,-10.484742,-20.723407,-9.8341689
28,1,8,1775266300,-134.18752,-99.949728,-26.207174,-13.292019,-34.89291,-4.4908102,-10.746742,-20.82533,-9.7079394
28,1,9,1672151400,-138.87601,-127.77391,-26.823339,-13.858258,-54.718888,-4.5072054,-10.3572,-20.853765,-9.9384724
28,1,10,1562487400,-141.5229,-72.333937,-25.767808,-12.865615,-44.45795,-4.5009746,-10.04786,-20.735354,-9.7600042
28,1,11,1537201800,-156.87533,-75.971296,-26.02846,-13.131909,-32.972535,-4.5042458,-11.695385,-20.798661,-9.7257182
28,1,12,1568659400,-171.33527,-121.12466,-25.272855,-12.365267,-41.159347,-4.6498326,-11.691254,-20.766056,-9.7574248
28,1,13,1363542200,-100.79869,-70.844696,-27.831654,-14.352583,-60.456296,-4.6756884,-12.286306,-21.630022,-10.304731
28,1,14,1360500600,-82.299792,-52.412253,-23.635807,-11.313648,-27.547537,-4.5180889,-9.7660463,-19.453477,-8.3262559
28,1,15,1451681200,-77.701252,-46.572358,-21.937291,-10.276896,-28.681061,-4.4525291,-9.1462846,-19.137718,-8.200398
28,1,16,1330137000,-85.215193,-57.093264,-25.79498,-12.863994,-46.671934,-4.4936482,-10.988714,-20.726501,-9.8290849
28,1,17,1363976900,-66.334732,-38.462835,-19.446034,-8.8319052,-23.895236,-4.3606605,-5.6065112,-16.873678,-7.2916086
28,1,18,1321133600,-79.05272,-50.795602,-24.721859,-12.569005,-54.229336,-4.5106946,-10.876784,-19.369534,-8.5536182
28,1,19,1384226500,-71.567951,-29.099273,-16.665065,-7.2459752,-19.375479,-4.1450957,-5.8020091,-15.128468,-6.7958669
28,1,20,1513010800,-81.192548,-39.379866,-19.50578,-8.9803486,-21.78122,-4.2526621,-8.9403905,-16.515353,-7.2637522
28,1,21,1489564100,-92.477693,-87.350844,-24.081632,-11.560704,-28.921865,-4.4907725,-8.1291071,-19.47759,-8.3071167
28,1,22,1252638800,-90.968587,-63.085805,-26.747208,-13.777955,-40.040144,-4.5090883,-9.7039215,-20.842207,-9.9233607
28,1,23,1252638800,-90.968587,-63.085805,-26.747208,-13.777955,-40.040144,-4.5090883,-9.7039215,-20.842207,-9.9233607
28,1,24,1252638800,-90.968587,-63.085805,-26.747208,-13.777955,-40.040144,-4.5090883,-9.7039215,-20.842207,-9.9233607
28,1,25,1252638800,-90.968587,-63.085805,-26.747208,-13.777955,-40.040144,-4.5090883,-9.7039215,-20.842207,-9.9233607
28,1,26,1252638800,-90.968587,-63.085805,-26.747208,-13.777955,-40.040144,-4.5090883,-9.7039215,-20.842207,-9.9233607
28,1,27,1252638800,-90.968587,-63.085805,-26.747208,-13.777955,-40.040144,-4.5090883,-9.7039215,-20.842207,-9.9233607
29,1,1,1493473400,-71.114109,-47.818278,-22.811079,-10.67076,-21.650962,-4.4821797,-7.0403637,-19.944155,-8.8570548
29,1,2,1631730800,-72.390345,-24.762566,-17.030012,-7.0043501,-15.963931,-4.2079783,-4.7883248,-16.260473,-7.1364283
29,1,3,1753202700,-76.637243,-41.330187,-20.641665,-9.6250947,-14.96096,-4.2795652,-9.0212322,-17.810727,-7.7435891
29,1,4,1750529200,-84.281864,-52.170831,-26.310149,-13.587125,-26.46992,-4.5917365,-8.1990135,-20.683396,-9.6531508
29,1,5,1743613700,-90.996946,-49.901395,-23.022243,-10.423538,-57.521023,-4.5546132,-7.9852132,-20.224444,-8.8643434
29,1,6,1821160500,-99.184127,-50.444645,-24.223694,-11.72857,-32.687189,-4.5537429,-8.3337007,-20.338582,-9.0806003
29,1,7,1785714900,-135.72596,-67.759903,-27.188643,-14.241877,-28.569807,-4.4944516,-10.963534,-20.752065,-9.8579202
29,1,8,1775841300,-134.60575,-100.68802,-26.231364,-13.315119,-34.727117,-4.4901924,-10.90531,-20.826505,-9.7198828
29,1,9,1675007900,-143.78882,-128.73839,-27.738186,-14.313677,-61.763194,-4.6601153,-10.285253,-21.576631,-10.298966
29,1,10,1563919800,-139.48803,-71.919555,-26.546851,-13.597917,-45.180408,-4.4882557,-12.683294,-20.738952,-9.8426834
29,1,11,1537475100,-157.64985,-76.539582,-25.987131,-13.090574,-29.35559,-4.5043399,-12.059398,-20.76141,-9.7490699
29,1,12,1572018000,-172.0245,-123.32124,-25.244391,-12.337806,-41.665538,-4.6494748,-12.02131,-20.7716,-9.7574014
29,1,13,1362997600,-99.670599,-70.427989,-27.166983,-14.057834,-57.769357,-4.5533044,-13.412314,-21.058019,-10.029254
29,1,14,1360858300,-84.165968,-56.435153,-23.663222,-11.292063,-27.549054,-4.5284444,-9.7665467,-19.418161,-8.4465923
29,1,15,1451708800,-77.701639,-42.921512,-21.88514,-10.45533,-28.750048,-4.4617993,-9.1560015,-19.227029,-8.3828299
29,1,16,1330717300,-85.599053,-57.21798,-25.891346,-12.957017,-55.635805,-4.4954952,-9.9029109,-20.727987,-9.8264818
29,1,17,1371684800,-65.085361,-37.719544,-19.096086,-8.6139928,-18.201005,-4.2586803,-8.0618069,-16.802703,-7.2646027
29,1,18,1318973900,-79.056591,-50.455363,-24.5285,-12.417487,-31.634383,-4.4776944,-8.8136297,-19.507186,-8.6010237
29,1,19,1384249900,-71.567951,-31.112682,-16.49003,-6.9676237,-19.377525,-4.1505798,-6.1363495,-14.71845,-6.6907476
29,1,20,1510346600,-81.338126,-38.908125,-19.216072,-8.6864345,-21.697943,-4.2401462,-6.8921175,-16.45139,-6.8837038
29,1,21,1492329500,-95.429126,-88.474588,-24.114805,-11.569128,-28.793567,-4.4762339,-8.2179739,-19.754638,-8.6338125
29,1,22,1254233100,-88.346865,-60.034829,-27.131818,-13.971168,-58.785943,-4.5656081,-10.982614,-21.129312,-10.057575
29,1,23,1254233100,-88.346865,-60.034829,-27.131818,-13.971168,-58.785943,-4.5656081,-10.982614,-21.129312,-10.057575
29,1,24,1254233100,-88.346865,-60.034829,-27.131818,-13.971168,-58.785943,-4.5656081,-10.982614,-21.129312,-10.057575
29,1,25,1254233100,-88.346865,-60.034829,-27.131818,-13.971168,-58.785943,-4.5656081,-10.982614,-21.129312,-10.057575
29,1,26,1254233100,-88.346865,-60.034829,-27.131818,-13.971168,-58.785943,-4.5656081,-10.982614,-21.129312,-10.057575
29,1,27,1254233100,-88.346865,-60.034829,-27.131818,-13.971168,-58.785943,-4.5656081,-10.982614,-21.129312,-10.057575
30,1,1,1495088600,-71.098469,-47.712243,-22.741579,-10.673731,-27.488774,-4.4857208,-10.444915,-19.618813,-8.5799099
30,1,2,1631410400,-71.751803,-24.484457,-17.48395,-7.4364449,-15.418905,-4.2003551,-4.7370503,-16.279818,-6.8513503
30,1,3,1755073500,-77.673108,-41.331395,-20.68235,-9.6418473,-15.532535,-4.2825267,-8.967047,-17.787135,-7.7217319
30,1,4,1754582000,-84.281759,-52.874467,-26.800331,-14.043649,-44.407624,-4.598967,-12.757416,-20.677339,-9.8215392
30,1,5,1747644300,-93.094799,-53.532021,-23.85035,-11.164746,-39.078927,-4.5356499,-7.931923,-20.426348,-9.1318023
30,1,6,1822564200,-99.184127,-44.386637,-23.560734,-11.312089,-24.206124,-4.5286366,-8.2075346,-20.070753,-8.880686
30,1,7,1788472400,-135.33607,-68.136075,-27.121481,-14.166093,-57.878212,-4.4930039,-10.786231,-20.765414,-9.8639089
30,1,8,1768547300,-123.22025,-85.330674,-26.443022,-13.533237,-34.577082,-4.48865,-9.6680383,-20.853707,-9.7006727
30,1,9,1675166800,-145.27289,-128.56977,-27.101098,-14.009039,-59.803896,-4.5518002,-10.324017,-21.054318,-10.03797
30,1,10,1563194400,-139.89235,-69.0273,-25.491541,-12.582633,-43.048596,-4.5100794,-11.438692,-20.715866,-9.8348067
30,1,11,1539226800,-155.2455,-74.648904,-25.587885,-12.712636,-49.472045,-4.4896385,-11.950609,-20.844342,-9.6518599
30,1,12,1572186200,-172.96907,-124.25905,-25.258789,-12.351131,-27.979611,-4.6492181,-12.907862,-20.758796,-9.7737796
30,1,13,1362200600,-98.779545,-69.766164,-26.872016,-13.881197,-50.760242,-4.5127933,-12.061477,-20.873621,-9.9418566
30,1,14,1360629600,-82.308929,-52.349326,-23.66539,-11.253935,-27.660663,-4.5297702,-9.7703129,-19.538074,-8.3801356
30,1,15,1452021000,-77.701884,-46.130589,-22.010947,-10.392644,-28.833697,-4.449614,-9.1723028,-19.040123,-8.0841645
30,1,16,1330364200,-87.990488,-59.653483,-26.826126,-13.918463,-32.383018,-4.4870593,-10.76817,-20.746396,-9.8676765
30,1,17,1371568700,-65.085933,-38.444617,-19.154319,-8.608553,-18.65089,-4.2515134,-7.6200643,-16.842864,-7.2847965
30,1,18,1317616700,-75.820374,-50.081521,-24.819217,-12.734143,-28.409639,-4.4744333,-6.6734099,-19.635197,-8.6919622
30,1,19,1386760100,-71.567951,-29.383019,-17.360973,-7.7504446,-19.377578,-4.1455109,-5.7143448,-16.114861,-6.967529
30,1,20,1509558700,-81.415458,-38.302911,-18.933777,-8.4683249,-21.645836,-4.2456028,-6.256667,-16.344687,-7.1971489
30,1,21,1505868200,-112.38128,-89.458762,-24.348371,-11.629682,-27.496006,-4.4878431,-8.7524999,-19.846296,-8.548437
30,1,22,1257848400,-91.562608,-62.1989,-27.015168,-13.913813,-56.52031,-4.5679914,-12.394779,-21.04333,-10.020582
30,1,23,1257848400,-91.562608,-62.1989,-27.015168,-13.913813,-56.52031,-4.5679914,-12.394779,-21.04333,-10.020582
30,1,24,1257848400,-91.562608,-62.1989,-27.015168,-13.913813,-56.52031,-4.5679914,-12.394779,-21.04333,-10.020582
30,1,25,1257848400,-91.562608,-62.1989,-27.015168,-13.913813,-56.52031,-4.5679914,-12.394779,-21.04333,-10.020582
30,1,26,1257848400,-91.562608,-62.1989,-27.015168,-13.913813,-56.52031,-4.5679914,-12.394779,-21.04333,-10.020582
30,1,27,1257848400,-91.562608,-62.1989,-27.015168,-13.913813,-56.52031,-4.5679914,-12.394779,-21.04333,-10.020582