# Archivo de mantenimientos embalses (plpmanem.dat)
# Numero de embalses con mantenimientos
 5
# Nombre del embalse
'COLBUN'
#   Numero de Etapas con mantenimiento
    51
#   Mes   Etapa     VolMin     VolMax
     03     001  0.3816243  1.5043824
     03     002  0.3816243  1.5043824
     03     003  0.3816243  1.5043824
     04     004  0.3816243  1.5043824
     04     005  0.3816243  1.5043824
     04     006  0.3816243  1.5043824
     04     007  0.3816243  1.5043824
     05     008  0.3816243  1.5043824
     05     009  0.3816243  1.5043824
     05     010  0.3816243  1.5043824
     05     011  0.3816243  1.5043824
     06     012  0.3816243  1.5043824
     06     013  0.3816243  1.5043824
     06     014  0.3816243  1.5043824
     06     015  0.3816243  1.5043824
     07     016  0.3816243  1.5532459
     07     017  0.3816243  1.5532459
     07     018  0.3816243  1.5532459
     07     019  0.3816243  1.5532459
     08     020  0.3816243  1.5532459
     08     021  0.3816243  1.5532459
     08     022  0.3816243  1.5532459
     08     023  0.3816243  1.5532459
     09     024  0.3816243  1.5532459
     10     025  0.3816243  1.5532459
     11     026  0.3816243  1.5532459
     12     027  0.3816243  1.5532459
     01     028  0.3816243  1.5043824
     02     029  0.3816243  1.5043824
     03     030  0.3816243  1.5043824
     04     031  0.3816243  1.5043824
     05     032  0.3816243  1.5043824
     06     033  0.3816243  1.5043824
     07     034  0.3816243  1.5532459
     08     035  0.3816243  1.5532459
     09     036  0.3816243  1.5532459
     10     037  0.3816243  1.5532459
     11     038  0.3816243  1.5532459
     12     039  0.3816243  1.5532459
     01     040  0.3816243  1.5043824
     02     041  0.3816243  1.5043824
     03     042  0.3816243  1.5043824
     04     043  0.3816243  1.5043824
     05     044  0.3816243  1.5043824
     06     045  0.3816243  1.5043824
     07     046  0.3816243  1.5532459
     08     047  0.3816243  1.5532459
     09     048  0.3816243  1.5532459
     10     049  0.3816243  1.5532459
     11     050  0.3816243  1.5532459
     12     051  0.3816243  1.5532459
# Nombre del embalse
'RAPEL'
#   Numero de Etapas con mantenimiento
    51
#   Mes   Etapa     VolMin     VolMax
     03     001  0.2723049  0.5632124
     03     002  0.2723049  0.5632124
     03     003  0.2723049  0.5632124
     04     004  0.2723049  0.5632124
     04     005  0.2723049  0.5632124
     04     006  0.2723049  0.5632124
     04     007  0.2723049  0.5632124
     05     008  0.2723049  0.5632124
     05     009  0.2723049  0.5632124
     05     010  0.2723049  0.5632124
     05     011  0.2723049  0.5632124
     06     012  0.2723049  0.5632124
     06     013  0.2723049  0.5632124
     06     014  0.2723049  0.5632124
     06     015  0.2723049  0.5632124
     07     016  0.2723049  0.5632124
     07     017  0.2723049  0.5632124
     07     018  0.2723049  0.5632124
     07     019  0.2723049  0.5632124
     08     020  0.2723049  0.5632124
     08     021  0.2723049  0.5632124
     08     022  0.2723049  0.5632124
     08     023  0.2723049  0.5632124
     09     024  0.2723049  0.5632124
     10     025  0.2723049  0.5632124
     11     026  0.2723049  0.5632124
     12     027  0.2723049  0.5632124
     01     028  0.2723049  0.5632124
     02     029  0.2723049  0.5632124
     03     030  0.2723049  0.5632124
     04     031  0.2723049  0.5632124
     05     032  0.2723049  0.5632124
     06     033  0.2723049  0.5632124
     07     034  0.2723049  0.5632124
     08     035  0.2723049  0.5632124
     09     036  0.2723049  0.5632124
     10     037  0.2723049  0.5632124
     11     038  0.2723049  0.5632124
     12     039  0.2723049  0.5632124
     01     040  0.2723049  0.5632124
     02     041  0.2723049  0.5632124
     03     042  0.2723049  0.5632124
     04     043  0.2723049  0.5632124
     05     044  0.2723049  0.5632124
     06     045  0.2723049  0.5632124
     07     046  0.2723049  0.5632124
     08     047  0.2723049  0.5632124
     09     048  0.2723049  0.5632124
     10     049  0.2723049  0.5632124
     11     050  0.2723049  0.5632124
     12     051  0.2723049  0.5632124
# Nombre del embalse
'CANUTILLAR'
#   Numero de Etapas con mantenimiento
    51
#   Mes   Etapa     VolMin     VolMax
     03     001  0.4497390  0.9132110
     03     002  0.4497390  0.9132110
     03     003  0.4497390  0.9132110
     04     004  0.4497390  0.9132110
     04     005  0.4497390  0.9132110
     04     006  0.4497390  0.9132110
     04     007  0.4497390  0.9132110
     05     008  0.4497390  0.9132110
     05     009  0.4497390  0.9132110
     05     010  0.4497390  0.9132110
     05     011  0.4497390  0.9132110
     06     012  0.4497390  0.9132110
     06     013  0.4497390  0.9132110
     06     014  0.4497390  0.9132110
     06     015  0.4497390  0.9132110
     07     016  0.4497390  0.9132110
     07     017  0.4497390  0.9132110
     07     018  0.4497390  0.9132110
     07     019  0.4497390  0.9132110
     08     020  0.4497390  1.0653785
     08     021  0.4497390  1.0653785
     08     022  0.4497390  1.0653785
     08     023  0.4497390  1.0653785
     09     024  0.6351278  1.0653785
     10     025  0.6351278  1.0653785
     11     026  0.6351278  1.0653785
     12     027  0.6351278  1.0653785
     01     028  0.6351278  1.0653785
     02     029  0.4497390  0.9132110
     03     030  0.4497390  0.9132110
     04     031  0.4497390  0.9132110
     05     032  0.4497390  0.9132110
     06     033  0.4497390  0.9132110
     07     034  0.4497390  0.9132110
     08     035  0.4497390  1.0653785
     09     036  0.4497390  1.0653785
     10     037  0.4497390  1.0653785
     11     038  0.4497390  1.0653785
     12     039  0.4497390  1.0653785
     01     040  0.4497390  1.0653785
     02     041  0.4497390  0.9132110
     03     042  0.4497390  0.9132110
     04     043  0.4497390  0.9132110
     05     044  0.4497390  0.9132110
     06     045  0.4497390  0.9132110
     07     046  0.4497390  0.9132110
     08     047  0.4497390  1.0653785
     09     048  0.4497390  1.0653785
     10     049  0.4497390  1.0653785
     11     050  0.4497390  1.0653785
     12     051  0.4497390  1.0653785
# Nombre del embalse
'RALCO'
#   Numero de Etapas con mantenimiento
    51
#   Mes   Etapa     VolMin     VolMax
     03     001  0.5323485  1.1732862
     03     002  0.5007565  1.1732862
     03     003  0.4705246  1.1732862
     04     004  0.4416212  1.1732862
     04     005  0.4094096  1.1732862
     04     006  0.4094096  1.1732862
     04     007  0.4094096  1.1732862
     05     008  0.4094096  1.1732862
     05     009  0.4094096  1.1732862
     05     010  0.4094096  1.1732862
     05     011  0.4094096  1.1732862
     06     012  0.4094096  1.1732862
     06     013  0.4094096  1.1732862
     06     014  0.4094096  1.1732862
     06     015  0.4094096  1.1732862
     07     016  0.4094096  1.1732862
     07     017  0.4094096  1.1732862
     07     018  0.4094096  1.1732862
     07     019  0.4094096  1.1732862
     08     020  0.4094096  1.1732862
     08     021  0.4094096  1.1732862
     08     022  0.4094096  1.1732862
     08     023  0.4094096  1.1732862
     09     024  0.4094096  1.1732862
     10     025  0.4094096  1.1732862
     11     026  0.4094096  1.1732862
     12     027  0.4094096  1.1732862
     01     028  0.4094096  1.1732862
     02     029  0.4094096  1.1732862
     03     030  0.4094096  1.1732862
     04     031  0.4094096  1.1732862
     05     032  0.4094096  1.1732862
     06     033  0.4094096  1.1732862
     07     034  0.4094096  1.1732862
     08     035  0.4094096  1.1732862
     09     036  0.4094096  1.1732862
     10     037  0.4094096  1.1732862
     11     038  0.4094096  1.1732862
     12     039  0.4094096  1.1732862
     01     040  0.4094096  1.1732862
     02     041  0.4094096  1.1732862
     03     042  0.4094096  1.1732862
     04     043  0.4094096  1.1732862
     05     044  0.4094096  1.1732862
     06     045  0.4094096  1.1732862
     07     046  0.4094096  1.1732862
     08     047  0.4094096  1.1732862
     09     048  0.4094096  1.1732862
     10     049  0.4094096  1.1732862
     11     050  0.4094096  1.1732862
     12     051  0.4094096  1.1732862
# Nombre del embalse
'PANGUE'
#   Numero de Etapas con mantenimiento
    51
#   Mes   Etapa     VolMin     VolMax
     03     001  0.6230240  0.7196000
     03     002  0.6230240  0.7196000
     03     003  0.5758340  0.7196000
     04     004  0.5758340  0.7196000
     04     005  0.5758340  0.7196000
     04     006  0.5758340  0.7196000
     04     007  0.5758340  0.7196000
     05     008  0.5758340  0.7196000
     05     009  0.5758340  0.7196000
     05     010  0.5758340  0.7196000
     05     011  0.5758340  0.7196000
     06     012  0.5758340  0.7196000
     06     013  0.5758340  0.7196000
     06     014  0.5758340  0.7196000
     06     015  0.5758340  0.7196000
     07     016  0.5758340  0.7196000
     07     017  0.5758340  0.7196000
     07     018  0.5758340  0.7196000
     07     019  0.5758340  0.7196000
     08     020  0.5758340  0.7196000
     08     021  0.5758340  0.7196000
     08     022  0.5758340  0.7196000
     08     023  0.5758340  0.7196000
     09     024  0.5758340  0.7196000
     10     025  0.5758340  0.7196000
     11     026  0.5758340  0.7196000
     12     027  0.5758340  0.7196000
     01     028  0.5758340  0.7196000
     02     029  0.5758340  0.7196000
     03     030  0.5758340  0.7196000
     04     031  0.5758340  0.7196000
     05     032  0.5758340  0.7196000
     06     033  0.5758340  0.7196000
     07     034  0.5758340  0.7196000
     08     035  0.5758340  0.7196000
     09     036  0.5758340  0.7196000
     10     037  0.5758340  0.7196000
     11     038  0.5758340  0.7196000
     12     039  0.5758340  0.7196000
     01     040  0.5758340  0.7196000
     02     041  0.5758340  0.7196000
     03     042  0.5758340  0.7196000
     04     043  0.5758340  0.7196000
     05     044  0.5758340  0.7196000
     06     045  0.5758340  0.7196000
     07     046  0.5758340  0.7196000
     08     047  0.5758340  0.7196000
     09     048  0.5758340  0.7196000
     10     049  0.5758340  0.7196000
     11     050  0.5758340  0.7196000
     12     051  0.5758340  0.7196000
